SVM_MODEL_FILE_V2.0
Trained: 1
UseScaling: 1
NumInputDimensions: 45
NumOutputDimensions: 0
NumTrainingIterationsToConverge: 0
MinNumEpochs: 0
MaxNumEpochs: 100
ValidationSetSize: 20
LearningRate: 0.1
MinChange: 1e-05
UseValidationSet: 0
RandomiseTrainingOrder: 1
UseNullRejection: 0
ClassifierMode: 0
NullRejectionCoeff: 5
NumClasses: 10
NullRejectionThresholds:  0 0 0 0 0 0 0 0 0 0
ClassLabels:  39 51 20 37 1 56 9 31 28 12
Ranges: 
-738.786	306.602
-432.507	1691.5
0	1947.15
-246.335	201.322
-270.406	1375.56
0	2023.35
-389.535	233.255
-663.139	1301.86
-114.286	2101.3
-460.688	185.676
-566.741	1214.17
0	2001.04
-368.536	119.105
-480.268	30.2675
0	1914.18
-414.822	181.63
-2.80226e+165	245.72
30.2675	1960.14
-114.286	250.015
-469.224	213.926
30.2675	2045.65
-99.1293	286.903
-446.047	34.8657
-147.86	1842.12
-249.636	1477.1
-413.504	62.921
-31.8463	1662.39
-178.821	1553.63
-633.974	97.4853
2.11371e-314	1914.95
-249.712	1598.74
-1035.06	30.2675
-41.6998	1914.95
-323.885	1572.33
-1420.47	30.2675
-130.506	1914.94
-2.80226e+165	1489.07
-632.014	30.2675
30.2675	1901.23
-121.925	1490.81
-1033.1	173.46
-22.3316	1901.23
-187.574	1539.06
-1418.76	227.924
-200.373	1901.22
ModelType: C_SVC
KernelType: LINEAR
Degree: 3
Gamma: 0.0222222
Coef0: 0
NumberOfFeatures: 45
UseShrinking: 1
UseProbability: 1
NumberOfSupportVectors: 33
RHO: 
0.389051	nan	-0.518209	-0.563487	-0.913858	-1.3462	-1.65797	-2.63735	-1.21042	nan	-0.49896	-0.556392	-0.831305	-1.45	-1.69445	-2.68935	-1.27511	nan	nan	nan	nan	nan	nan	nan	-0.164228	-0.309002	-0.788677	-1.0689	-0.762327	-1.12363	-0.219988	-0.775154	-1.28286	-0.90411	-1.40664	-0.681108	-0.969549	-0.878624	-0.94536	0.490964	0.421569	0.339884	0.118235	0.259569	0.0362751	
Label: 
39	51	20	37	1	56	9	31	28	12	
ProbA: 
0.705442	0	-1.79289	-1.59882	-1.78943	-1.7628	-1.85556	-1.93686	-1.57661	0	-1.78839	-1.59358	-1.78466	-1.75682	-1.8721	-1.93763	-1.59521	0	0	0	0	0	0	0	-3.08674	-1.8178	-1.65626	-1.86059	-1.904	-1.56735	-4.00563	-1.437	-1.61511	-1.76917	-1.35882	-1.66513	-1.81932	-1.91934	-1.57124	-1.2828	-1.6947	-1.05588	-1.89848	-1.69224	-1.6713	
ProbB: 
0.0467135	0.287682	-0.000266113	-0.197591	-0.013366	0.00911124	0.0882078	0.1361	-0.202431	0.287682	-0.0123808	-0.206351	-0.0140423	0.00592815	0.0729084	0.134011	-0.192245	-0.287682	-0.693147	-0.287682	0	-0.133531	0	-0.693147	1.41192	-0.00347995	-0.0266408	0.0192936	0.139448	-0.184241	-2.2676	0.149057	0.262681	0.263233	0.0110227	-0.0505628	0.0552988	0.150862	-0.190361	0.164544	0.218413	0.0426431	-0.00459554	-0.286428	-0.293064	
NumSupportVectorsPerClass: 
5	5	0	5	3	5	1	3	3	3	
SupportVectors: 
1	0	0.112897	0.18457	0.276484	0	0	0	0	1	0.471326	2	-0.722809	3	0.517099	4	0.237754	5	-0.700712	6	0.543081	7	0.484788	8	-0.102628	9	0.565378	10	0.10617	11	-0.401051	12	0.5736	13	-0.550901	14	0.511902	15	0.548335	16	-0.0934604	17	1	18	0.507625	19	0.53115	20	0.330412	21	0.505917	22	0.643459	23	0.0837197	24	0.630867	25	-0.35443	26	-0.9875	27	0.579293	28	-0.85807	29	0.027689	30	0.463693	31	-0.585879	32	-0.184633	33	0.359995	34	-0.683546	35	0.00820491	36	0.727676	37	1	38	0.165096	39	0.447516	40	-0.63008	41	0.0301911	42	0.3944	43	-0.616195	44	0.28544	45	0.435684	
1	0	0	0.159767	0.255797	0.232257	0.220385	0.463062	0.204622	1	0.477008	2	-0.722099	3	0.511409	4	0.253568	5	-0.696469	6	0.537526	7	0.479607	8	-0.105081	9	0.562694	10	0.125161	11	-0.400026	12	0.572758	13	-0.529756	14	0.410435	15	0.564898	16	-0.0970012	17	1	18	0.504434	19	0.536319	20	0.348186	21	0.495599	22	0.654028	23	0.0928758	24	0.628948	25	-0.353382	26	-0.963622	27	0.584922	28	-0.855977	29	0.0171886	30	0.461509	31	-0.705337	32	-0.280354	33	0.381783	34	-0.650799	35	-0.0602239	36	0.781529	37	1	38	0.164699	39	0.438079	40	-0.623626	41	0.0667762	42	0.376814	43	-0.915109	44	0.163638	45	0.346157	
1	0	0	0	0	0	0	0	0	1	0.473588	2	-0.718758	3	0.508787	4	0.245244	5	-0.696994	6	0.535011	7	0.47908	8	-0.107313	9	0.560759	10	0.118747	11	-0.397541	12	0.565987	13	-0.512346	14	0.405148	15	0.550636	16	-0.0952052	17	1	18	0.505356	19	0.527244	20	0.339182	21	0.497271	22	0.663794	23	0.0541151	24	0.628332	25	-0.353037	26	-1	27	0.57874	28	-0.857246	29	0.0426722	30	0.455847	31	-0.79589	32	-0.271332	33	0.363869	34	-0.39059	35	0.130036	36	0.614301	37	1	38	0.182032	39	0.438397	40	-0.619681	41	0.0628891	42	0.383499	43	-0.68881	44	0.239892	45	0.471648	
1	0	0	0	0	0	0	0	0	1	0.479458	2	-0.730412	3	0.519159	4	0.261822	5	-0.70869	6	0.545956	7	0.474994	8	-0.109223	9	0.550713	10	0.117174	11	-0.407014	12	0.576647	13	-0.530355	14	0.373919	15	0.545407	16	-0.122254	17	1	18	0.51825	19	0.570775	20	0.307511	21	0.508665	22	0.679673	23	0.0536652	24	0.62201	25	-0.355736	26	-0.940711	27	0.575204	28	-0.855008	29	0.00379561	30	0.464864	31	-0.810974	32	-0.281562	33	0.608227	34	-0.4972	35	0.295985	36	0.363286	37	1	38	0.133596	39	0.448673	40	-0.626571	41	0.0614368	42	0.381474	43	-0.88108	44	0.15327	45	0.359582	
1	nan	0.28394	0.134448	0.0660695	0.00791839	0.115168	0.0704145	0.0496351	1	0.476022	2	-0.731972	3	0.517198	4	0.25639	5	-0.710129	6	0.535703	7	0.480029	8	-0.111155	9	0.546343	10	0.120259	11	-0.410367	12	0.571515	13	-0.552719	14	0.379731	15	0.555829	16	-0.143961	17	1	18	0.513609	19	0.551952	20	0.309321	21	0.493173	22	0.679837	23	0.0796358	24	0.628932	25	-0.358249	26	-0.903242	27	0.578567	28	-0.860454	29	-0.00590972	30	0.475731	31	-0.81189	32	-0.301771	33	0.595103	34	-0.462551	35	0.176958	36	0.343902	37	1	38	0.131456	39	0.451565	40	-0.623552	41	0.077897	42	0.383393	43	-0.874573	44	0.16338	45	0.359386	
-1	0	0	0	0	0	0	0	0	1	0.480123	2	-0.725819	3	0.499864	4	0.284441	5	-0.702362	6	0.52349	7	0.5113	8	-0.117683	9	0.492325	10	0.143466	11	-0.39563	12	0.555203	13	-0.562016	14	0.370177	15	0.504278	16	-0.168617	17	1	18	0.475322	19	0.579718	20	0.30833	21	0.484847	22	0.694436	23	0.0217009	24	0.630211	25	-0.39973	26	-0.927437	27	0.492322	28	-0.857987	29	0.0247591	30	0.450253	31	-0.758147	32	-0.204808	33	0.255576	34	-0.625086	35	-0.0221305	36	0.653744	37	1	38	0.13791	39	0.431898	40	-0.495585	41	0.109037	42	0.421269	43	-0.630872	44	0.246565	45	0.37542	
-1	0	0.0543512	0.0892076	0	0	0.0251452	0	0.0954662	1	0.47945	2	-0.7213	3	0.50209	4	0.279947	5	-0.701798	6	0.523478	7	0.514348	8	-0.115354	9	0.493719	10	0.138075	11	-0.395838	12	0.555299	13	-0.556115	14	0.376802	15	0.505826	16	-0.112167	17	1	18	0.472974	19	0.578237	20	0.311588	21	0.484727	22	0.688044	23	0.0399203	24	0.627222	25	-0.371501	26	-0.858646	27	0.576683	28	-0.858131	29	0.048611	30	0.45486	31	-0.787295	32	-0.287835	33	0.426501	34	-0.552474	35	0.059737	36	0.803503	37	1	38	0.166745	39	0.436475	40	-0.635579	41	0.0930906	42	0.372958	43	-0.475599	44	0.199267	45	0.49018	
-1	0	0	0	0	0	0	0	0	1	0.478879	2	-0.719611	3	0.504248	4	0.278386	5	-0.699543	6	0.525693	7	0.518542	8	-0.113647	9	0.492057	10	0.139871	11	-0.393562	12	0.557123	13	-0.53443	14	0.408299	15	0.516235	16	-0.154864	17	1	18	0.471232	19	0.571213	20	0.316522	21	0.487364	22	0.687041	23	0.0594849	24	0.630158	25	-0.368044	26	-0.910755	27	0.585717	28	-0.856918	29	0.0536908	30	0.45655	31	-0.812351	32	-0.285601	33	0.444422	34	-0.568661	35	-0.0642383	36	0.806737	37	1	38	0.171584	39	0.438937	40	-0.617204	41	0.0917483	42	0.37483	43	-0.598903	44	0.238981	45	0.614714	
-1	0	0.113752	0.0643722	0.273313	0	0.0236737	0.0684577	0	1	0.478879	2	-0.719611	3	0.504248	4	0.278386	5	-0.699543	6	0.525693	7	0.518542	8	-0.113647	9	0.492057	10	0.139871	11	-0.393562	12	0.557123	13	-0.53443	14	0.408299	15	0.516235	16	-0.154864	17	1	18	0.471232	19	0.571213	20	0.316522	21	0.487364	22	0.687041	23	0.0594849	24	0.630158	25	-0.368044	26	-0.910755	27	0.585717	28	-0.856918	29	0.0536908	30	0.45655	31	-0.812351	32	-0.285601	33	0.444422	34	-0.568661	35	-0.0642383	36	0.806737	37	1	38	0.171584	39	0.438937	40	-0.617204	41	0.0917483	42	0.37483	43	-0.598903	44	0.238981	45	0.614714	
-1	nan	0.236186	0.324179	0.304757	0.254577	0.291471	0.470289	0.163905	1	0.478568	2	-0.718641	3	0.503388	4	0.269583	5	-0.696884	6	0.522068	7	0.519254	8	-0.112852	9	0.490497	10	0.135336	11	-0.393724	12	0.55434	13	-0.538762	14	0.398993	15	0.526032	16	-0.167087	17	1	18	0.466286	19	0.557625	20	0.329759	21	0.482847	22	0.677724	23	0.0738455	24	0.622975	25	-0.412197	26	-0.92725	27	0.471365	28	-0.853757	29	0.0494048	30	0.45912	31	-0.858665	32	-0.262426	33	0.381451	34	-0.577186	35	-0.0640256	36	0.725063	37	1	38	0.175544	39	0.440566	40	-0.698181	41	-0.341283	42	0.496608	43	-0.624532	44	0.233081	45	0.473286	
-0.0628257	-0	-0	0.447214	0.42023	0	0	0	0	1	0.261732	2	-0.610942	3	0.523162	4	-0.274748	5	-0.508419	6	0.500144	7	0.276597	8	0.0334903	9	0.462044	10	-0.270074	11	-0.227353	12	0.55468	13	-0.901829	14	0.527182	15	0.640106	16	-0.989422	17	1	18	0.421081	19	-0.0608305	20	0.804212	21	0.43849	22	0.176398	23	0.604642	24	0.552589	25	-0.803006	26	0.390603	27	0.427794	28	-0.981275	29	0.238907	30	0.537188	31	-0.929568	32	-0.0904865	33	0.592012	34	-0.7164	35	0.311297	36	0.509928	37	1	38	0.411084	39	0.490396	40	-1	41	0.120996	42	0.375496	43	-0.750185	44	0.0951188	45	0.660939	
-0.0510171	-0	-0	0.434837	0	0	0	0	0	1	0.254969	2	-0.6069	3	0.522418	4	-0.274008	5	-0.505247	6	0.50094	7	0.278707	8	0.0331422	9	0.460938	10	-0.273244	11	-0.220734	12	0.553879	13	-0.900662	14	0.539941	15	0.635979	16	-0.999908	17	1	18	0.4197	19	-0.0533892	20	0.802241	21	0.440882	22	0.187518	23	0.588959	24	0.563974	25	-0.805227	26	0.389739	27	0.428529	28	-1	29	0.259329	30	0.535982	31	-0.928898	32	-0.0995378	33	0.594339	34	-0.7372	35	0.392794	36	0.394616	37	1	38	0.424606	39	0.486813	40	-0.849153	41	0.0240131	42	0.469958	43	-0.752119	44	0.0825003	45	0.693043	
-0	-0.320298	-0	0	0	0.173801	0.280959	0.204494	0.308711	1	0.265133	2	-0.610729	3	0.526747	4	-0.264368	5	-0.512984	6	0.501223	7	0.281804	8	0.0304978	9	0.460963	10	-0.266073	11	-0.231466	12	0.558793	13	-0.896369	14	0.504796	15	0.635264	16	-0.985398	17	1	18	0.422441	19	-0.0424216	20	0.792937	21	0.436571	22	0.105611	23	0.495541	24	0.529178	25	-0.801384	26	0.400121	27	0.432865	28	-0.988198	29	0.248949	30	0.547297	31	-0.925045	32	-0.102864	33	0.598953	34	-0.792994	35	0.195449	36	0.79602	37	1	38	0.425407	39	0.492643	40	-0.826248	41	-0.0507025	42	0.520133	43	-0.794986	44	0.121945	45	0.703776	
-0	-0	-0	0.676522	0.647991	0	0	0	0	1	0.264809	2	-0.611039	3	0.52807	4	-0.261874	5	-0.514394	6	0.501438	7	0.278702	8	0.0305112	9	0.460756	10	-0.261351	11	-0.231818	12	0.559449	13	-0.895244	14	0.509453	15	0.637126	16	-1	17	1	18	0.421886	19	-0.0446697	20	0.78706	21	0.436351	22	0.158887	23	0.535387	24	0.545149	25	-0.803476	26	0.392799	27	0.434834	28	-0.989599	29	0.251655	30	0.550364	31	-0.925565	32	-0.101981	33	0.598822	34	-0.787265	35	0.22023	36	0.747615	37	1	38	0.425455	39	0.494547	40	-0.821889	41	-0.0448195	42	0.503659	43	-0.835715	44	0.157052	45	0.727281	
-0.282995	-0.0839914	nan	1	1	0	0	0	0	1	0.260126	2	-0.611184	3	0.52693	4	-0.270914	5	-0.516864	6	0.500487	7	0.270934	8	0.0305118	9	0.461849	10	-0.275797	11	-0.232879	12	0.554147	13	-0.90172	14	0.512734	15	0.633919	16	-0.99141	17	1	18	0.419642	19	-0.0412548	20	0.777924	21	0.439707	22	0.208244	23	0.544168	24	0.570316	25	-0.802415	26	0.391784	27	0.433705	28	-0.989566	29	0.259362	30	0.54471	31	-0.923652	32	-0.088902	33	0.602608	34	-0.732931	35	0.328623	36	0.72484	37	1	38	0.427361	39	0.497646	40	-0.806143	41	-0.0452114	42	0.519954	43	-0.872336	44	0.197311	45	0.729565	
-0	-0	-0	-0.677404	1	0	0	0	0	1	0.311132	2	-0.59487	3	0.565372	4	-0.112205	5	-0.522201	6	0.568199	7	0.206458	8	0.0530754	9	0.543675	10	-0.154913	11	-0.226431	12	0.600213	13	-0.957595	14	0.928398	15	0.642351	16	-0.524617	17	1	18	0.530156	19	0.13431	20	0.735395	21	0.529928	22	0.358202	23	0.546579	24	0.68699	25	-0.646483	26	0.40829	27	0.503387	28	-0.97322	29	0.383928	30	0.536865	31	-0.932316	32	0.189749	33	0.47261	34	-0.799681	35	0.318746	36	0.550638	37	1	38	0.525592	39	0.519247	40	-0.793553	41	-0.0362359	42	0.498959	43	-0.993373	44	0.154211	45	0.439738	
-0.00245788	-0	-0	-0.881169	1	0	0	0	0	1	0.306764	2	-0.600309	3	0.556344	4	-0.125025	5	-0.531938	6	0.556543	7	0.207976	8	0.0515274	9	0.540803	10	-0.172692	11	-0.236209	12	0.589441	13	-0.970538	14	0.970444	15	0.657472	16	-0.529346	17	1	18	0.525949	19	0.13435	20	0.713968	21	0.51722	22	0.349106	23	0.481203	24	0.683108	25	-0.653799	26	0.416443	27	0.486015	28	-0.969093	29	0.373138	30	0.530727	31	-0.932408	32	0.247109	33	0.47171	34	-0.793626	35	0.429837	36	0.664973	37	1	38	0.516123	39	0.513161	40	-0.719458	41	0.308588	42	0.386614	43	-0.86484	44	0.271388	45	0.726663	
-0.476327	-0.477759	nan	-1	1	0.16835	0.331398	0.23827	0.379524	1	0.315205	2	-0.594026	3	0.548725	4	-0.11721	5	-0.524104	6	0.551335	7	0.209715	8	0.0525529	9	0.535489	10	-0.1522	11	-0.229073	12	0.577442	13	-0.921125	14	0.934059	15	0.621748	16	-0.522946	17	1	18	0.50976	19	0.117198	20	0.733116	21	0.518676	22	0.384919	23	0.545515	24	0.70382	25	-0.6511	26	0.424079	27	0.481221	28	-0.969382	29	0.391523	30	0.516947	31	-0.955859	32	0.0518223	33	0.335068	34	-0.745877	35	0.0682188	36	0.678793	37	1	38	0.53748	39	0.506812	40	-0.769466	41	-0.0429272	42	0.488701	43	-0.942436	44	0.170027	45	0.462165	
-0.45861	-0	-0	-0	-0	0	0	0	0	1	0.28261	2	-0.592083	3	0.537655	4	-0.1641	5	-0.506297	6	0.541212	7	0.155007	8	0.0609725	9	0.543172	10	-0.158825	11	-0.221668	12	0.598231	13	-1	14	0.933267	15	0.684599	16	-0.648902	17	1	18	0.558497	19	0.0137152	20	0.799617	21	0.477707	22	0.170273	23	0.659013	24	0.639641	25	-0.576021	26	-0.360901	27	0.531187	28	-0.974268	29	0.349728	30	0.523947	31	-0.959345	32	-0.0211293	33	0.395381	34	-0.853231	35	0.257701	36	0.797741	37	1	38	0.520059	39	0.475458	40	-0.7979	41	0.1658	42	0.416028	43	-1	44	0.193304	45	0.494998	
-0.13974	-0.57807	-0	-0	-0	0.158836	0.24004	0.247113	0.191458	1	0.284312	2	-0.591271	3	0.533218	4	-0.144759	5	-0.508288	6	0.538772	7	0.158574	8	0.0582871	9	0.530983	10	-0.136765	11	-0.22287	12	0.599469	13	-0.963673	14	0.92037	15	0.69046	16	-0.634056	17	1	18	0.564066	19	0.022108	20	0.793156	21	0.471581	22	0.183166	23	0.652892	24	0.646947	25	-0.584464	26	-0.302598	27	0.510269	28	-0.97983	29	0.359102	30	0.521288	31	-0.990203	32	0.0138757	33	0.365572	34	-0.822597	35	0.252023	36	0.760562	37	1	38	0.530024	39	0.464985	40	-0.864578	41	0.00139872	42	0.430251	43	-0.883068	44	0.0747496	45	0.670934	
-0	-0	-0	-1	-1	0	0	0	0	1	0.284503	2	-0.594371	3	0.535925	4	-0.150259	5	-0.512696	6	0.542508	7	0.152258	8	0.0469277	9	0.509569	10	-0.148127	11	-0.227681	12	0.601601	13	-0.978972	14	0.919621	15	0.69172	16	-0.701249	17	1	18	0.566921	19	0.0287483	20	0.784458	21	0.476964	22	0.173463	23	0.666665	24	0.655868	25	-0.58447	26	-0.232962	27	0.514544	28	-0.979841	29	0.34989	30	0.521703	31	-1	32	0.00918509	33	0.368817	34	-0.714434	35	0.243877	36	0.720027	37	1	38	0.522335	39	0.467752	40	-0.834587	41	-0.0823145	42	0.463599	43	-0.955248	44	0.167089	45	0.519108	
-0	-0	-0	-1	-1	0	0.0317385	0	0.0848824	1	0.284503	2	-0.594371	3	0.535925	4	-0.150259	5	-0.512696	6	0.542508	7	0.152258	8	0.0469277	9	0.509569	10	-0.148127	11	-0.227681	12	0.601601	13	-0.978972	14	0.919621	15	0.69172	16	-0.701249	17	1	18	0.566921	19	0.0287483	20	0.784458	21	0.476964	22	0.173463	23	0.666665	24	0.655868	25	-0.58447	26	-0.232962	27	0.514544	28	-0.979841	29	0.34989	30	0.521703	31	-1	32	0.00918509	33	0.368817	34	-0.714434	35	0.243877	36	0.720027	37	1	38	0.522335	39	0.467752	40	-0.834587	41	-0.0823145	42	0.463599	43	-0.955248	44	0.167089	45	0.519108	
-0	-0	nan	-0.0682208	-1	0	0	0	0	1	0.283305	2	-0.596524	3	0.536684	4	-0.157423	5	-0.518582	6	0.546746	7	0.147695	8	0.046901	9	0.504689	10	-0.161157	11	-0.233465	12	0.602495	13	-0.990235	14	0.931528	15	0.70277	16	-0.683955	17	1	18	0.567918	19	0.0342613	20	0.771174	21	0.484585	22	0.185508	23	0.633877	24	0.660544	25	-0.59474	26	-0.243601	27	0.504814	28	-0.978983	29	0.350523	30	0.515872	31	-0.950077	32	0.158467	33	0.43819	34	-0.735324	35	0.371096	36	0.57201	37	1	38	0.523278	39	0.467714	40	-0.834004	41	-0.0227684	42	0.467807	43	-0.99233	44	0.208231	45	0.481414	
-0.240176	-0.254577	nan	-0.173801	-0.16835	-0.158836	0.644928	0.520491	0.516645	1	0.436656	2	-0.853817	3	0.969856	4	0.198934	5	-0.765244	6	0.905268	7	0.359633	8	-0.194155	9	0.860924	10	-0.0104758	11	-0.441871	12	0.938619	13	-0.447386	14	-0.338798	15	0.856195	16	0.259718	17	1	18	0.646259	19	0.642704	20	0.12586	21	0.870731	22	0.515004	23	-0.349074	24	0.880636	25	-0.684248	26	0.0799434	27	0.908825	28	-0.897387	29	-0.560116	30	1	31	-0.827124	32	-0.697974	33	1	34	-0.75336	35	-0.778557	36	1	37	1	38	-0.545566	39	1	40	-0.731633	41	-0.750561	42	1	43	-0.673292	44	-0.817231	45	1	
-0.071616	-0.17185	-0	-0.280959	-0.331398	-0.271779	-0	0	1	1	0.531533	2	-0.719334	3	0.968454	4	0.430306	5	-0.600365	6	0.947086	7	0.532174	8	-0.0682746	9	0.928325	10	0.154746	11	-0.29484	12	0.99555	13	-0.506421	14	0.512968	15	0.997291	16	-0.136115	17	1	18	0.989788	19	0.918183	20	0.53708	21	0.898173	22	0.666475	23	0.0626409	24	0.95136	25	-0.579286	26	0.511544	27	0.942312	28	-0.841621	29	-0.157496	30	0.961624	31	-0.92654	32	-0.316869	33	0.811017	34	-0.992333	35	-0.424796	36	0.679953	37	1	38	-0.0845861	39	0.94299	40	-0.74195	41	-0.415068	42	0.751641	43	-0.743969	44	-0.513312	45	0.60291	
-0	-0	-0	-0	-0	-0	-0	1	0	1	0.543832	2	-0.727931	3	0.964512	4	0.474273	5	-0.611259	6	0.941808	7	0.577325	8	-0.0752386	9	0.917974	10	0.183699	11	-0.300216	12	0.986183	13	-0.452097	14	0.512601	15	1	16	-0.0664046	17	1	18	1	19	0.974867	20	0.498599	21	0.896874	22	0.694143	23	0.0328464	24	0.946499	25	-0.568806	26	0.496382	27	0.946736	28	-0.838455	29	-0.176444	30	0.956802	31	-0.92621	32	-0.32308	33	0.800231	34	-0.994482	35	-0.424556	36	0.664054	37	1	38	-0.119798	39	0.942933	40	-0.748983	41	-0.418693	42	0.736793	43	-0.76052	44	-0.504905	45	0.5763	
-0.263937	-0.16844	nan	-0	-0	-0	-0.644928	0.0780327	0.436784	1	0.544751	2	-0.730466	3	0.958172	4	0.474509	5	-0.614352	6	0.9353	7	0.577019	8	-0.0769183	9	0.910922	10	0.183883	11	-0.303483	12	0.979786	13	-0.433127	14	0.503301	15	0.995881	16	-0.0570851	17	1	18	0.995224	19	0.975121	20	0.492212	21	0.890158	22	0.696065	23	0.0483031	24	0.945262	25	-0.563369	26	0.508145	27	0.942197	28	-0.837403	29	-0.184767	30	0.950895	31	-0.923301	32	-0.330396	33	0.795108	34	-0.989844	35	-0.43106	36	0.65976	37	1	38	-0.127746	39	0.936665	40	-0.751911	41	-0.425293	42	0.734235	43	-0.76689	44	-0.511316	45	0.577073	
-0.325034	-0.266931	-0	-0	-0	-0.103648	-0	-0	0	1	0.553943	2	-0.715279	3	0.938693	4	0.471072	5	-0.594368	6	0.91665	7	0.550276	8	-0.0623147	9	0.899375	10	0.179005	11	-0.288506	12	0.955183	13	-0.406679	14	0.502199	15	0.964283	16	-0.0484633	17	1	18	0.954928	19	0.97533	20	0.549467	21	0.87714	22	0.986409	23	-0.185845	24	0.996208	25	-0.37114	26	-0.965039	27	0.90903	28	-0.825949	29	-0.14635	30	0.927587	31	-0.895155	32	-0.327993	33	0.788175	34	-0.946088	35	-0.446223	36	0.667732	37	1	38	-0.0746853	39	0.919765	40	-0.714967	41	-0.409381	42	0.726902	43	-0.711272	44	-0.508966	45	0.578376	
-0	-0	-0	-0	-0	-0	-0	-0.0780327	0	1	0.555582	2	-0.727926	3	0.934383	4	0.492417	5	-0.608505	6	0.904321	7	0.582869	8	-0.0709724	9	0.874094	10	0.194666	11	-0.297518	12	0.944208	13	-0.414006	14	0.504253	15	0.964466	16	-0.0373895	17	1	18	0.956441	19	1	20	0.504836	21	0.863282	22	0.97598	23	-0.194889	24	1	25	-0.371267	26	-0.784201	27	0.891901	28	-0.8293	29	-0.182404	30	0.932732	31	-0.899226	32	-0.340816	33	0.778168	34	-0.950928	35	-0.447214	36	0.644324	37	1	38	-0.126845	39	0.923226	40	-0.717994	41	-0.418051	42	0.708227	43	-0.713227	44	-0.501257	45	0.541883	
-0.208443	-0.271815	nan	-0.204494	-0.23827	-0.143465	-0.520491	-1	0.411613	1	0.555582	2	-0.727926	3	0.934383	4	0.492417	5	-0.608505	6	0.904321	7	0.582869	8	-0.0709724	9	0.874094	10	0.194666	11	-0.297518	12	0.944208	13	-0.414006	14	0.504253	15	0.964466	16	-0.0373895	17	1	18	0.956441	19	1	20	0.504836	21	0.863282	22	0.97598	23	-0.194889	24	1	25	-0.371267	26	-0.784201	27	0.891901	28	-0.8293	29	-0.182404	30	0.932732	31	-0.899226	32	-0.340816	33	0.778168	34	-0.950928	35	-0.447214	36	0.644324	37	1	38	-0.126845	39	0.923226	40	-0.717994	41	-0.418051	42	0.708227	43	-0.713227	44	-0.501257	45	0.541883	
-0	-0	-0	-0	-0	-0	-0	-0.436784	-0	1	0.388768	2	-0.693985	3	0.99314	4	0.0686045	5	-0.574917	6	0.989562	7	0.24596	8	-0.0560532	9	0.985134	10	-0.0977728	11	-0.260509	12	0.992765	13	-0.620416	14	0.565193	15	0.828228	16	0.244018	17	1	18	0.691979	19	0.477291	20	0.570209	21	0.986226	22	0.675345	23	0.444065	24	0.926654	25	-0.652699	26	1	27	0.999281	28	-0.921591	29	-0.0525201	30	0.939822	31	-0.868562	32	-0.312189	33	0.814964	34	-0.79364	35	-0.495262	36	0.823009	37	1	38	-0.00183999	39	0.976201	40	-0.730669	41	-0.393539	42	0.807211	43	-0.648347	44	-0.514368	45	0.67425	
-0.254257	-0.259371	-0	-0.308711	-0.379524	-0.276341	-0	-1	-0.411613	1	0.388768	2	-0.693985	3	0.99314	4	0.0686045	5	-0.574917	6	0.989562	7	0.24596	8	-0.0560532	9	0.985134	10	-0.0977728	11	-0.260509	12	0.992765	13	-0.620416	14	0.565193	15	0.828228	16	0.244018	17	1	18	0.691979	19	0.477291	20	0.570209	21	0.986226	22	0.675345	23	0.444065	24	0.926654	25	-0.652699	26	1	27	0.999281	28	-0.921591	29	-0.0525201	30	0.939822	31	-0.868562	32	-0.312189	33	0.814964	34	-0.79364	35	-0.495262	36	0.823009	37	1	38	-0.00183999	39	0.976201	40	-0.730669	41	-0.393539	42	0.807211	43	-0.648347	44	-0.514368	45	0.67425	
-0	-0	nan	-0	-0	-0	-0.516645	-0	-0	1	0.389663	2	-0.692436	3	1	4	0.064739	5	-0.57474	6	1	7	0.241817	8	-0.0588597	9	1	10	-0.0989929	11	-0.259575	12	1	13	-0.616137	14	0.536475	15	0.832543	16	0.237227	17	1	18	0.696837	19	0.469956	20	0.568626	21	1	22	0.675537	23	0.446529	24	0.928811	25	-0.654056	26	0.992584	27	1	28	-0.918486	29	-0.0429851	30	0.940857	31	-0.872243	32	-0.306078	33	0.817751	34	-0.797228	35	-0.490774	36	0.825674	37	1	38	0.00663227	39	0.981122	40	-0.755571	41	-0.393972	42	0.817759	43	-0.695546	44	-0.55595	45	0.832635	
