GRT_LABELLED_CLASSIFICATION_DATA_FILE_V1.0
DatasetName: harlequin
InfoText: 
NumDimensions: 45
TotalNumExamples: 64
NumberOfClasses: 11
ClassIDsAndCounters: 
9	4	NOT_SET
12	5	NOT_SET
15	7	NOT_SET
17	6	NOT_SET
20	6	NOT_SET
24	6	NOT_SET
35	6	NOT_SET
38	6	NOT_SET
39	6	NOT_SET
46	6	NOT_SET
55	6	NOT_SET
UseExternalRanges: 0
Data:
38	-38.7515	220.04	2481.91	-34.2106	429.366	2476.95	-28.4345	644.064	2467.85	-176.297	431.048	2417.77	-236.414	124.572	2399.07	-246.09	-112.896	2197.98	107.875	427.685	2536.13	212.266	238.65	2489.07	96.3243	519.966	2403.05	-136.367	11.8154	2448.1	-129.568	-423.789	2456.9	-80.2197	-830.381	2422.35	49.7822	9.61234	2525.63	141.016	-416.654	2511.41	157.238	-822.514	2558.11
38	-81.4832	214.504	2497.87	-72.265	423.296	2484.07	-62.5302	637.523	2465.26	-216.831	426.186	2431.2	-291.998	117.589	2406.29	-291.021	-117.948	2199.67	72.3007	420.406	2536.95	177.742	221.235	2516.48	73.1778	505.28	2419.1	-185.394	7.60506	2477.03	-169.312	-427.866	2483.62	-70.0362	-837.177	2402.52	3.99115	3.81947	2546.29	104.187	-420.388	2529.88	157.477	-826.463	2562.73
38	-65.852	198.078	2494.74	-57.4597	401.249	2444.54	-43.958	609.132	2371.37	-206.517	397.987	2406.42	-270.889	89.2715	2407.13	-289.721	-107.725	2182.8	91.5975	404.511	2482.67	198.075	192.619	2524.71	111.941	464.816	2402.53	-171.876	-7.22935	2519.97	-167.061	-441.375	2481.85	-64.5217	-837.982	2397.49	23.3875	-2.95576	2569.91	122.165	-424.922	2520.58	155.457	-825.16	2558.12
38	-68.0363	199.846	2498.47	-57.2133	402.273	2445.8	-41.2333	608.132	2369.86	-204.962	398.97	2402.74	-275.552	83.1364	2403.85	-293.378	-108.22	2183.75	90.5351	405.577	2488.85	195.483	197.952	2512.95	110.111	479.182	2404.73	-175.627	-4.74481	2522.95	-161.145	-436.623	2469.56	-76.5426	-844.903	2421.61	17.9088	-0.417542	2579.34	120.66	-420.982	2526.11	152.558	-823.495	2565.4
38	-73.455	199.655	2491.99	-60.7097	401.743	2438.47	-42.2586	606.206	2360.18	-209.516	400.738	2399.24	-275.334	93.9467	2402.62	-293.521	-113.141	2172.08	88.0962	402.748	2477.71	197.127	201.344	2507.3	104.821	480.001	2398.47	-183.658	-3.09071	2519.81	-164.45	-436.265	2474.02	-61.6379	-836.755	2393.7	11.2579	-1.77412	2571.2	121.118	-420.914	2521.18	157.212	-824.487	2565.06
38	-74.5129	197.776	2489.48	-62.6178	400.01	2436.28	-44.9962	605.349	2358.07	-211.131	398.083	2395.75	-276.382	94.3714	2399.49	-292.115	-108.097	2168.58	85.8958	401.936	2476.82	197.197	192.812	2513.4	113.806	469.431	2392.36	-183.688	-5.71922	2516.12	-168.986	-440.577	2487.54	-50.0455	-841.299	2371.35	10.8722	-3.19545	2569.22	123.651	-421.881	2521.64	154.377	-822.638	2563.25
20	267.355	234.888	2268.79	235.348	441.785	2263.66	198.315	655.55	2249.34	102.129	423.031	2338.53	-97.3298	248.807	2436.44	-330.119	371.434	2328.82	368.568	460.539	2188.8	388.715	182.414	2114.16	109.097	210.428	2076.54	212.092	15.706	2322.96	141.65	-411.925	2372.48	88.5274	-782.142	2341.48	386.63	40.2765	2224.87	330.96	-392.294	2217.66	368.879	-794.053	2317.07
20	253.276	221.943	2258.46	220.85	428.263	2242.86	179.2	640.789	2214.18	83.397	411.754	2310.22	-100.544	246.095	2415.26	-325.6	364.906	2291.94	358.302	444.772	2175.5	428.043	158.967	2123.27	154.684	195.676	2058.71	195.675	4.80928	2318.18	130.369	-423.697	2366.79	86.0608	-785.001	2338.28	375.728	26.4348	2229.95	327.57	-406.635	2210.84	368.668	-811.203	2310.44
20	254.47	221.884	2255.83	220.868	428.202	2242.67	178.431	642.283	2218.07	85.1357	410.593	2313.19	-98.0984	242.889	2410.71	-318.646	364.902	2280.9	356.599	445.811	2172.15	428.085	160.563	2122.52	156.685	193.913	2054.95	199.168	4.03214	2315.18	130.724	-423.733	2366.33	90.8757	-783.416	2340.01	376.979	27.0996	2222.8	325.298	-405.36	2198.69	374.911	-802.425	2321.63
20	265.064	224.931	2252.16	227.584	430.483	2238.44	180.821	643.198	2210.79	90.7845	410.05	2306.04	-97.5008	245.61	2407.7	-317.704	372.463	2285.11	364.384	450.917	2170.85	405.845	178.301	2104.16	129.721	202.303	2051.65	212.93	5.99406	2310.16	133.595	-419.45	2364.56	91.4748	-780.946	2340.67	392.159	32.7648	2221.6	327.199	-398.186	2203.28	380.317	-796.282	2321.36
20	267.667	221.506	2250.49	229.296	427.007	2237.77	183.717	640.736	2210.56	93.1841	405.846	2306.49	-100.175	249.606	2406.1	-321.274	373.994	2283.89	365.407	448.168	2169.05	410.512	173.971	2105.4	132.243	202.547	2055.59	216.881	2.14499	2308.22	132.765	-422.191	2364.24	90.1711	-784.671	2339.55	395.194	29.8669	2218.2	326.269	-400.72	2207.48	372.502	-803.256	2312.92
20	267.834	223.451	2251.65	229.473	429.018	2239.91	183.157	641.768	2214.59	93.1998	407.492	2308.26	-97.0605	246.249	2410.35	-314.516	377.741	2285.16	365.746	450.544	2171.55	422.324	168.866	2110.19	145.582	197.241	2055.07	216.935	3.78491	2308.16	132.575	-420.125	2366.96	87.6806	-783.073	2338.97	395.455	31.9846	2218.62	325.509	-398.419	2207.27	370.265	-801.729	2310.27
17	-107.07	42.0906	2375.32	-243.159	200.857	2387.06	-387.963	358.69	2399.9	-291.183	149.563	2524.04	-291.182	-135.282	2524.04	-291.188	-420.127	2524.04	-195.134	252.15	2250.08	-185.722	-19.994	2189.85	-417.427	-0.73596	2407.12	-2.49207	-150.332	2453.46	-205.16	-530.839	2520.06	-133.76	-941.566	2480.95	60.531	-83.0189	2273.7	-142.067	-463.395	2340.27	-82.724	-804.766	2307.77
17	-99.5526	42.4625	2377.84	-235.892	201.202	2386.75	-380.763	359.155	2397.95	-283.989	152.16	2524.48	-283.989	-132.685	2524.48	-283.994	-417.529	2524.48	-187.795	250.243	2249.01	-185.096	-16.7847	2192.06	-404.924	-0.106319	2425.3	5.1869	-148.497	2459.42	-146.269	-513.975	2276.13	-34.9352	-852.524	2331.52	68.3865	-84.0566	2278.44	-94.324	-487.374	2244.44	97.3961	-846.674	2341.76
17	-95.0923	44.7231	2366.24	-231.593	203.225	2376.89	-375.612	360.347	2387.57	-280.561	151.876	2513.51	-280.56	-132.969	2513.51	-280.566	-417.814	2513.51	-182.626	254.575	2240.26	-157.446	-12.4867	2168.19	-401.68	-16.7663	2366.39	9.07187	-147.689	2445.81	-145.002	-518.302	2275.58	-40.1133	-830.504	2315.93	73.7452	-79.8698	2265.37	9.1492	-510.309	2236.31	126.186	-901.446	2329.25
17	-90.3885	46.8894	2371.85	-228.997	203.777	2377.95	-374.054	359.382	2385.92	-275.851	156.983	2516.8	-275.85	-127.863	2516.8	-275.856	-412.707	2516.8	-182.144	250.571	2239.11	-147.65	-16.8876	2160.13	-400.671	-23.4019	2349.2	17.6479	-140.531	2456.35	-158.886	-500.978	2259.27	-19.6893	-848.13	2334.98	78.7924	-79.4643	2275.15	-195.607	-416.189	2315.36	32.7075	-760.633	2382.85
17	-85.7207	46.9516	2369.02	-225.811	202.495	2375.9	-372.35	357.18	2385.34	-269.587	156.858	2516.25	-269.586	-127.987	2516.25	-269.592	-412.832	2516.25	-182.035	248.132	2235.56	-106.029	-5.59547	2132.88	-373.509	-47.0966	2294.08	25.6784	-138.503	2454.12	-201.612	-452.222	2234.54	-69.6786	-778.802	2456.66	83.0608	-78.6808	2270.15	-214.272	-478.552	2212.7	-41.2933	-815.883	2335.99
17	-86.5074	46.1963	2363.57	-226.306	201.776	2374.27	-372.073	356.402	2387.53	-274.795	148.841	2510.38	-274.794	-136.004	2510.38	-274.8	-420.849	2510.38	-177.817	254.712	2238.16	-107.362	-5.04099	2131.86	-379.084	-49.201	2286.35	21.9823	-143.564	2440.75	-236.121	-493.482	2405.6	-24.0508	-813.99	2571.81	84.6002	-75.2037	2264.97	-210.912	-475.838	2224.74	-4.98955	-787.055	2386.13
39	-93.3298	233.245	2369.81	-77.7067	442.017	2374.74	-58.8285	655.064	2377.55	-211.277	453.798	2299.06	-307.572	143.656	2255.11	-265.289	-166.515	2204.73	55.8635	430.236	2450.41	170.882	268.004	2359.58	72.8118	522.513	2204.34	-196.444	32.1908	2315.31	-159.878	-401.751	2339.67	-121.732	-770.126	2313.7	-21.4616	16.7566	2414.45	99.7135	-397.897	2353.99	197.088	-784.835	2286.14
39	-94.6857	229.452	2364.77	-80.9383	438.432	2365.12	-63.6645	652.642	2363.35	-216.879	447.496	2293.41	-303.429	169.732	2258.42	-277.867	-140.4	2221.77	55.0026	429.368	2436.83	169.193	258.388	2365.28	79.9314	509.55	2195.04	-197.476	26.4087	2317.44	-158.691	-407.644	2336.94	-118.019	-772.595	2313.67	-19.3902	14.5347	2411.39	98.8491	-400.469	2347.64	202.023	-784.485	2284.24
39	-95.6515	229.259	2362.72	-81.2269	438.178	2364.61	-63.8131	652.972	2366.05	-217.385	448.223	2293.46	-303.938	164.813	2259.77	-282.086	-145.435	2221.81	54.9307	428.133	2435.77	169.9	257.263	2365.4	80.6113	509.627	2197.66	-199.263	26.9201	2314.22	-161.094	-407.292	2330.76	-121.985	-767.29	2308.99	-20.889	13.7603	2407.44	96.3508	-400.653	2338.32	198.886	-784.001	2279.78
39	-93.9453	230.508	2361.17	-79.479	439.432	2362.79	-62.4807	653.532	2363.34	-216.314	449.449	2292.93	-300.652	161.104	2256.3	-281.931	-149.648	2220.74	57.3564	429.415	2432.64	168.228	258.785	2358.92	77.4888	510.254	2189.99	-198.044	28.1459	2313.78	-154.728	-405.402	2334.77	-113.451	-768.524	2310.66	-18.7793	15.0224	2405.3	102.905	-398.588	2338.96	209.005	-781.465	2282.07
39	-94.6137	228.927	2354.68	-78.7708	437.771	2355.39	-60.6273	652.182	2355.16	-216.096	448.42	2286.59	-303.894	166.082	2255.24	-278.558	-143.579	2214.84	58.554	427.121	2424.18	168.964	261.663	2352.23	80.7923	510.795	2179.4	-200.412	27.0598	2308.91	-157.289	-406.511	2329.47	-117.278	-769.238	2309.62	-20.5014	13.1081	2399.04	102.06	-400.645	2335.42	204.927	-783.411	2276.79
39	-93.0136	228.675	2352.99	-78.3861	437.604	2354.56	-61.093	652.588	2356	-215.76	447.741	2285.79	-299.994	159.481	2254.82	-276.65	-150.958	2215.94	58.9874	427.468	2423.34	169.364	260.706	2348.78	79.3843	513.799	2182.29	-197.628	26.3843	2306.36	-156.903	-407.267	2330.34	-116.97	-770.156	2312.94	-17.6539	13.1048	2396.46	98.731	-404.856	2352	207.167	-786.107	2283.86
9	-17.252	-145.181	2501.2	-23.1678	52.2824	2431.62	-29.7567	257.96	2354.38	-177.071	47.7303	2431.79	-200.468	-251.089	2423.77	-117.876	-544.497	2349.09	130.735	56.8346	2431.46	119.176	-188.632	2297.66	3.57427	-16.7178	2107.61	-112.145	-345.626	2570.89	-380.358	-541.447	2283.35	-108.822	-761.947	2539.38	89.4725	-339.662	2570.67	349.415	-532.566	2286.06	100.061	-757.425	2541.72
9	-20.787	-146.155	2504.44	-27.1733	53.2433	2440.68	-33.434	261.479	2371.33	-181.05	48.0492	2439.85	-200.922	-246.345	2424.19	-122.36	-540.262	2348.63	126.704	58.4374	2441.51	121.247	-188.62	2309.37	5.94351	-16.4868	2118.03	-115.197	-348.955	2567.66	-383.512	-541.314	2277.35	-111.319	-762.692	2531.65	86.3957	-342.15	2568.75	341.51	-537.03	2272.98	92.5491	-761.154	2540.43
9	-18.4723	-148.478	2500.6	-25.8492	51.4079	2438.47	-34.4196	260.99	2370.92	-179.711	45.6445	2438.2	-198.761	-279.075	2416.11	-113.079	-574.977	2338.37	128.013	57.1712	2438.74	114.873	-185.897	2301.98	-2.60183	-12.6997	2117.39	-111.878	-352.139	2562.55	-386.972	-543.708	2284.37	-114.572	-760.219	2529.36	89.687	-344.589	2562.91	339.641	-536.179	2266.86	96.1181	-760.242	2536.35
9	-22.8362	-145.942	2501.25	-28.3955	54.0339	2439.22	-34.7117	263.956	2370.92	-182.301	49.6836	2438.99	-198.897	-268.289	2420.61	-115.534	-561.931	2336.09	125.51	58.3842	2439.45	109.518	-180.981	2297.18	-5.03141	-13.076	2107.53	-118.088	-348.767	2563.13	-386.516	-544.855	2282.63	-111.776	-761.785	2528.85	83.5341	-343.068	2563.43	337.832	-533.34	2266.79	93.9957	-759.294	2536.55
12	-41.1777	229.296	2381.96	-39.1579	438.056	2365.2	-39.3591	658.117	2333.82	-192.56	438.573	2353.17	-272.585	143.478	2306.18	-126.166	286.28	2107.98	114.244	437.538	2377.24	196.024	135.723	2299.9	45.6598	289.689	2113.38	-143.675	20.8762	2390.84	-170.883	-413.811	2415.01	-182.996	-780.785	2327.65	57.2799	20.198	2406.61	81.4131	-415.208	2413.54	125.715	-776.997	2359.17
12	-38.1975	229.177	2385.64	-38.6305	437.997	2369.46	-39.6441	658.58	2339.37	-192.003	437.424	2366.18	-276.684	138.636	2310.25	-127.363	280.431	2113.47	114.742	438.569	2372.74	190.352	143.523	2296.22	37.5183	298.422	2112.43	-138.081	19.9835	2399.67	-169.904	-414.8	2414.39	-182.492	-782.446	2327.91	62.5524	20.732	2403.96	82.7145	-414.396	2416.76	126.815	-774.833	2367.94
12	-36.3974	230.635	2389.82	-37.4186	439.601	2375.78	-39.0544	660.711	2348.31	-191.063	438.201	2366.12	-276.92	137.932	2314.31	-124.812	279.379	2119.44	116.225	441.001	2385.45	186.541	138.811	2299.66	41.1145	298.151	2113.75	-136.007	20.7517	2397.53	-171.804	-413.347	2420.32	-183.618	-778.91	2328.14	65.2544	22.5859	2410.19	81.7345	-413.303	2411.28	125.381	-776.931	2358.68
12	-37.9575	229.87	2392.5	-37.8176	438.617	2375.48	-38.8482	659.048	2343.11	-191.395	437.84	2364.69	-271.292	145.995	2305.11	-117.289	287.88	2112.02	115.76	439.394	2386.27	181.676	135.666	2302.96	40.2904	297.016	2115.62	-138.7	20.6148	2402.46	-166.274	-414.423	2418.68	-181.666	-781.225	2330.43	62.5052	21.6329	2416.6	85.4286	-413.944	2417.35	127.565	-776.414	2362.66
12	-35.0273	229.404	2391.84	-37.0226	438.39	2378.33	-38.7411	659.872	2349.74	-190.637	436.276	2368.31	-225.158	184.496	2252.53	-60.9655	331.079	2071.97	116.592	440.504	2388.34	162.214	174.962	2264.5	24.0081	329.557	2071.35	-133.647	19.0337	2398.8	-168.009	-415.414	2417.6	-182.63	-781	2330.75	67.583	21.8036	2411.92	82.8532	-414.093	2412.66	125.768	-776.109	2359.31
55	-91.0387	203.583	2281.95	-101.254	405.323	2283.1	-52.2073	671.956	2252.52	-213.132	400.019	2219.65	-200.301	172.826	2036.97	-34.4703	108.437	1781.01	10.6236	410.627	2346.55	80.286	168.704	2267.02	33.879	284.637	2034.13	-156.763	-1.75754	2237.73	-153.2	-434.264	2208.44	-153.401	-891.448	2211.35	-4.88352	5.44257	2323.87	28.3032	-429.507	2359.28	0.819801	-816.752	2460
55	-81.2857	206.064	2285.46	-85.5219	415.262	2283.47	-54.924	670.906	2255.01	-203.504	412.297	2222.76	-194.858	180.878	2056.26	-35.2383	122.542	1789.45	32.4598	418.228	2344.17	114.236	140.441	2268.33	14.1697	278.723	2038.61	-156.894	-5.14043	2246.36	-154.877	-437.202	2203.01	-147.658	-855.467	2194	2.79543	-1.12627	2328.52	29.6809	-437.373	2365.5	8.42493	-811.348	2481.45
55	-85.3996	203.74	2284.55	-92.6471	410.558	2284.92	-52.6812	675.331	2251.59	-207.461	406.643	2223.66	-196.138	179.281	2049.09	-34.9967	116.496	1789.99	22.1667	414.473	2346.17	94.3067	176.73	2238.92	2.39912	155.612	1985.95	-153.041	-5.63118	2244.23	-151.907	-430.069	2202.55	-154.535	-834.046	2202.08	-3.26333	-0.524521	2324.14	28.9153	-436.678	2363.67	1.57027	-812.566	2469
55	-90.9444	200.317	2283.74	-104.569	402.884	2286.41	-55.0998	674.018	2251.53	-212.416	396.313	2234.5	-204.303	181.657	2051.68	-28.0686	116.575	1789.55	3.27858	409.455	2338.31	77.8661	183.092	2220.91	-20.9816	102.136	1916.09	-152.834	-6.85117	2244.73	-155.027	-434.838	2204.15	-147.735	-852.658	2213.92	-1.8061	2.35117	2317.43	31.8887	-434.53	2359.78	7.95414	-848.417	2451.5
55	-88.2448	198.673	2279.52	-96.634	399.647	2279.7	-53.1507	673.464	2252.68	-206.808	395.094	2229.12	-200.091	177.739	2050.3	-27.6365	109.752	1785.65	13.5402	404.2	2330.29	102.699	173.797	2269.3	-26.4779	103.311	1893.58	-158.89	-5.56654	2243.05	-155.529	-441.852	2209.26	-147.237	-863.665	2221.02	-0.821343	0.965469	2315.63	34.1253	-436.991	2357.15	4.17598	-807.357	2468.87
55	-90.0823	199.47	2281.52	-99.6204	401.251	2283.59	-52.7127	671.777	2252.4	-209.208	396.64	2228.18	-202.6	182.846	2055.17	-28.7162	114.792	1789.52	9.9671	405.863	2339	105.819	152.622	2265.22	42.6647	283.215	2060.61	-157.098	-5.53299	2240.74	-153.114	-440.466	2209.76	-147.632	-863.438	2203.17	-3.99042	0.909821	2318.16	33.6069	-436.308	2363.3	7.68115	-804.571	2458.59
46	-122.794	220.273	2310.65	-116.014	428.135	2332.02	-107.078	645.312	2355.2	-250.964	438.876	2270.35	-331.008	108.326	2187.32	-290.195	-211.901	2138.82	18.9359	417.395	2393.69	205.184	272.703	2326.11	70.4478	524.276	2166.67	-221.676	19.7417	2247.2	-197.43	-422.084	2269.1	-191.894	-845.168	2299.31	-37.4735	5.08142	2331.38	94.6134	-417.646	2344.17	195.615	-817.363	2347.77
46	-123.466	217.46	2310.23	-115.67	425.796	2325.9	-105.011	642.01	2341.38	-251.781	435.347	2266.62	-330.961	103.626	2187.81	-289.931	-218.635	2144.6	20.4413	416.245	2385.18	205.643	270.331	2322.76	71.254	522.711	2163.32	-224.154	15.6435	2254.11	-198.827	-426.573	2264.38	-194.559	-848.493	2308.74	-38.3684	2.60651	2335.02	92.1244	-420.677	2345.1	199.181	-823.139	2349.07
46	-119.893	219.925	2310.01	-112.047	428.193	2326.53	-101.58	645.957	2342.44	-247.191	438.154	2265.14	-330.529	108.424	2187.74	-290.463	-214.38	2148.36	23.0971	418.233	2387.92	204.188	270.538	2316.59	71.1838	521.8	2158.78	-219.974	18.4549	2251.59	-194.488	-423.551	2267.88	-193.084	-846.349	2303.07	-35.505	4.85924	2335.39	94.1712	-418.734	2343.17	201.78	-822.631	2348.05
46	-121.034	219.989	2308.57	-110.487	428.2	2324.3	-97.9105	646.411	2341.07	-245.121	439.72	2262.07	-331.019	109.062	2183.19	-290.446	-212.617	2145.86	24.1476	416.679	2386.53	207.128	270.402	2315.8	74.928	522.529	2156.34	-223.466	19.6408	2250.37	-196.431	-422.425	2263.04	-194.642	-844.218	2308.66	-39.6946	3.91556	2335.32	94.692	-418.213	2341.46	199.429	-822.388	2347.45
46	-120.759	218.535	2307.02	-108.795	426.653	2322.85	-94.2478	643.499	2339.04	-243.53	439.1	2261.04	-330.86	108.71	2181.36	-287.115	-213.264	2146.25	25.9399	414.206	2384.66	208.953	269.74	2318.97	78.4779	522.164	2158.53	-224.672	18.9105	2249	-192.105	-422.723	2263.37	-194.233	-844.944	2304.62	-40.7728	1.92134	2333.37	96.0487	-419.429	2340.58	200.682	-815.462	2348.28
46	-121.538	218.586	2309.5	-107.873	426.926	2320.1	-91.0207	642.598	2329.53	-242.626	438.915	2258.22	-330.437	108.704	2184.14	-287.918	-213.355	2147.82	26.8806	414.936	2381.99	209.74	268.268	2315.4	79.2947	520.314	2154.56	-227.172	18.4299	2256.65	-194.937	-423.34	2267.36	-196.829	-845.626	2308.19	-43.2368	2.06429	2341.12	97.5749	-418.011	2345.14	198.907	-821.365	2349.82
35	-132.334	202.68	2293.5	-102.89	408.733	2273.85	-72.3642	625.661	2243.56	-243.637	432.82	2315.54	-349.397	137.627	2324.67	-374.269	-173.19	2248.4	37.8562	384.646	2232.16	66.0494	141.949	2205.41	-99.6943	356.471	2026.43	-257.845	13.0682	2341.6	-209.999	-426.914	2321.08	-136.945	-843.933	2300.22	-65.7105	-19.8131	2284.69	-3.34067	-434.529	2141.82	100.792	-773.738	2262.37
35	-131.83	205.494	2289.34	-100.169	411.035	2268	-68.4531	627.995	2234.29	-240.06	437.091	2311.39	-350.638	117.306	2313.29	-365.429	-196.16	2231.73	39.7216	384.98	2224.6	67.2322	140.166	2192.19	-96.8854	357.276	2022.02	-258.966	17.7354	2340.31	-202.105	-419.909	2301.52	-143.553	-839.755	2314.2	-68.0174	-17.8296	2281.08	0.933456	-430.42	2135.08	103.777	-778.272	2265.81
35	-127.661	206.491	2285.83	-96.3817	412.02	2263.71	-65.1936	627.579	2230.29	-237.336	437.776	2303.69	-340.75	143.75	2316.74	-373.304	-165.549	2236.89	44.5728	386.265	2223.73	60.5308	137.06	2187.13	-91.7695	362.36	2014.44	-255.139	18.54	2335.24	-199.751	-419.918	2303.87	-140.142	-839.89	2310.98	-62.7429	-16.6152	2280.67	4.18855	-428.428	2131.56	102.979	-774.513	2263.25
35	-127.701	205.41	2284.57	-96.6155	411.006	2262.78	-66.1538	627.48	2229.23	-236.471	436.776	2306.42	-349.864	110.663	2310.24	-367.899	-206.491	2233.35	43.2397	385.236	2219.14	73.8627	108.608	2211.5	-74.4025	333.203	2035.64	-254.24	17.4021	2336.14	-201.732	-421.164	2301.5	-140.566	-840.548	2305.9	-63.3345	-17.775	2276.57	1.63005	-429.777	2127.1	102.513	-777.316	2263.05
35	-127.612	207.172	2281.87	-96.3922	412.871	2261.28	-65.4522	628.975	2229.26	-237.042	438.345	2302.52	-347.223	117.947	2308.73	-366.109	-196.417	2229.55	44.2572	387.398	2220.05	75.3854	113.065	2211.41	-72.8716	330.615	2035.67	-254.821	18.8568	2330.59	-201.597	-419.988	2300.8	-139.49	-839.675	2303.44	-62.844	-15.9129	2274.31	3.76449	-427.803	2125.25	102.277	-775.812	2260
35	-129.348	208.761	2280.78	-98.3392	414.594	2261.24	-67.4891	631.67	2230.36	-239.174	439.687	2302.07	-346.593	127.951	2307.83	-365.174	-185.396	2232.39	42.4957	389.501	2220.41	70.8154	126.112	2197.72	-81.1326	342.185	2027.18	-256.476	20.0531	2328.19	-205.191	-418.787	2295.05	-139.198	-837.301	2313.14	-64.238	-14.1988	2272.45	3.25414	-427.545	2127.87	101.816	-775.565	2262.81
24	-156.197	222.352	2261.21	-137.179	430.225	2272.82	-114.282	645.413	2283.94	-265.873	446.071	2199.9	-336.408	143.209	2125.29	-293.52	-147.575	2086.42	-8.48438	414.378	2345.74	156.143	249.2	2253.57	17.0585	489.598	2088.98	-263.05	25.2955	2199.84	-193.716	-410.382	2240.26	-176.902	-833.481	2265.73	-87.3815	3.66447	2299.37	26.4714	-424.48	2302.7	198.935	-794.76	2232.83
24	-157.079	222.215	2258.82	-137.543	430.003	2271.05	-112.89	644.962	2281.67	-266.585	446.384	2198.86	-340.507	163.93	2126.72	-292.529	-128.42	2075.25	-8.50045	413.622	2343.24	156.985	249.893	2254.97	13.94	489.504	2089.93	-264.684	25.6071	2197.32	-191.85	-409.289	2240.16	-172.521	-832.126	2268.85	-88.5447	3.24698	2295.86	29.807	-423.676	2300.04	202.022	-792.745	2233.31
24	-154.307	222.529	2259.5	-135.861	430.419	2271.83	-112.974	645.143	2282.72	-264.044	446.174	2197.99	-337.615	157.275	2124.24	-291.689	-137.437	2077.61	-7.67786	414.664	2345.67	156.086	249.878	2257.56	17.0547	490.816	2092.33	-260.235	25.3912	2196.76	-189.602	-410.286	2235.58	-173.177	-832.284	2276.04	-85.2695	3.88625	2297.56	30.9969	-423.606	2304.61	204.215	-792.644	2232.98
24	-155.729	221.752	2259.73	-137.228	429.61	2272.52	-114.64	644.268	2283.85	-265.361	445.561	2198.64	-340.016	163.11	2128.43	-292.813	-131.74	2072.04	-9.09543	413.66	2346.4	156.071	248.491	2259.14	16.694	487.661	2092.84	-261.68	24.7802	2196.51	-191.179	-410.124	2243.36	-174.643	-833.135	2271.34	-86.7786	3.00764	2297.36	30.5742	-424.11	2307.76	203.426	-793.526	2232.69
24	-156.129	220.017	2262.97	-138	427.999	2274.09	-115.359	644.405	2284.06	-266.502	443.127	2200.68	-340.496	163.443	2131.23	-292.637	-130.971	2072.77	-9.49696	412.871	2347.5	157.56	249.992	2260.87	14.369	490.01	2094.21	-261.961	22.3605	2201.74	-189.264	-412.417	2246.47	-171.774	-835.676	2269.63	-86.5552	1.71046	2301.94	34.8484	-424.364	2305.66	202.575	-793.703	2234.81
24	-156.032	218.195	2264.38	-137.949	426.223	2274.78	-115.301	642.657	2283.1	-266.937	441.064	2202.16	-339.526	155.871	2130.49	-291.156	-139.755	2078.7	-8.96128	411.382	2347.39	157.083	249.751	2264.46	16.2215	492.78	2100.04	-262.149	20.2965	2204.43	-192.584	-415.095	2247.93	-171.625	-837.934	2274.65	-86.0798	0.0381775	2303.55	31.3085	-427.189	2301.23	200.815	-791.923	2234.49
15	56.6036	236.295	2362.31	20.4274	441.177	2382.9	-21.6356	654.134	2402.5	-55.0075	415.237	2508.47	-103.516	106.665	2648.15	-277.047	-161.708	2619.22	95.8624	467.118	2257.34	243.198	421.144	1937.65	188.949	573.853	1695.53	41.2944	13.708	2427.41	118.189	-422.476	2438.29	63.8232	-823.246	2286.62	144.265	49.1172	2256.02	199.712	-358.036	2090.31	377.025	-737.331	2021.66
15	60.6631	233.06	2356.57	26.4416	438.075	2379.12	-14.0551	650.278	2401.99	-53.8177	411.223	2501.47	-98.4122	110.413	2652.49	-268.127	-159.586	2615.96	106.701	464.926	2256.76	247.113	420.562	1938.1	199.1	571.591	1695.92	40.1089	9.71877	2417.53	113.69	-426.614	2439.41	71.4926	-820.761	2292.5	149.66	46.3706	2250.52	202.645	-362.33	2087.81	378.867	-742.773	2022.86
15	62.8321	235.297	2356.65	27.7128	440.248	2378.35	-13.9559	652.771	2400.62	-50.2745	413.763	2502.24	-96.4149	109.697	2651.55	-268.214	-159.445	2620.62	105.7	466.732	2254.47	248.081	420.601	1935.63	199.826	570.725	1692.4	44.7279	12.2724	2419.49	111.805	-425.357	2436.22	77.9355	-814.596	2299.83	151.175	48.4215	2250.39	205.392	-361.195	2090.5	379.233	-742.468	2024.02
15	65.3475	234.041	2355	29.8536	439.126	2374.43	-11.7203	651.436	2393.29	-45.9617	414.12	2499.92	-101.268	109.168	2639.58	-265.733	-160.73	2624.18	105.669	464.132	2248.94	249.106	421.224	1930.72	200.005	569.811	1687	49.0968	11.8885	2421.23	113.867	-425.842	2443.64	65.3863	-821.644	2296.43	152.586	46.0218	2249.93	198.661	-363.847	2088.07	375.282	-744.482	2025.43
15	68.3891	237.385	2353.36	31.5719	442.019	2375.1	-11.3211	654.217	2398.61	-45.1524	414.988	2499.63	-95.9777	116.466	2635.75	-270.116	-157.966	2619.17	108.296	469.051	2250.56	251.851	421.543	1930.23	201.913	569.111	1686.18	52.8439	14.302	2416.62	111.838	-424.474	2431.08	74.3179	-815.282	2293.64	157.569	51.1987	2246.64	202.751	-357.362	2081.36	378.336	-738.456	2018.46
15	72.54	234.174	2348.09	36.2553	439.111	2367.92	-6.76049	650.333	2387.8	-39.0247	413.615	2493.67	-92.2855	110.175	2625.23	-270.884	-157.36	2617.46	111.535	464.607	2242.16	257.876	420.368	1926.06	198.164	568.066	1680.73	57.4482	11.8359	2414.08	111.431	-427.592	2431.13	72.4605	-814.507	2296.7	160.201	46.6369	2242.43	203.288	-364.286	2082.44	377.276	-746.563	2022.45
15	74.5888	235.284	2348.92	37.5806	440.05	2369.1	-6.04554	651.703	2389.7	-38.8072	413.928	2494.05	-92.2932	110.153	2627.64	-271.002	-157.474	2614.29	113.968	466.172	2244.15	258.61	420.415	1926.25	200.264	568.779	1682.66	59.4638	12.6909	2414.01	117.768	-425.936	2436.37	66.9573	-819.254	2291.88	163.73	48.3467	2243.46	204.94	-364.7	2088.54	380.788	-744.507	2019.15
