SVM_MODEL_FILE_V2.0
Trained: 1
UseScaling: 1
NumInputDimensions: 45
NumOutputDimensions: 0
NumTrainingIterationsToConverge: 0
MinNumEpochs: 0
MaxNumEpochs: 100
ValidationSetSize: 20
LearningRate: 0.1
MinChange: 1e-05
UseValidationSet: 0
RandomiseTrainingOrder: 1
UseNullRejection: 0
ClassifierMode: 0
NullRejectionCoeff: 5
NumClasses: 11
NullRejectionThresholds:  0 0 0 0 0 0 0 0 0 0 0
ClassLabels:  38 20 17 39 9 12 55 46 35 24 15
Ranges: 
-157.079	267.834
-148.478	237.385
-38.7515	2504.44
-243.159	235.348
-38.7515	442.019
-38.7515	2484.07
-387.963	198.315
-38.7515	675.331
-38.7515	2467.85
-291.183	102.129
-38.7515	453.798
-38.7515	2524.48
-350.638	-38.7515
-279.075	249.606
-38.7515	2652.49
-374.269	-27.6365
-574.977	377.741
-38.7515	2624.18
-195.134	368.568
-38.7515	469.051
-38.7515	2536.95
-185.722	428.085
-188.632	421.543
-38.7515	2524.71
-417.427	201.913
-49.201	573.853
-38.7515	2425.3
-264.684	216.935
-352.139	32.1908
-38.7515	2570.89
-386.972	141.65
-544.855	-38.7515
-38.7515	2520.06
-196.829	91.4748
-941.566	-38.7515
-38.7515	2571.81
-88.5447	395.455
-344.589	51.1987
-38.7515	2579.34
-214.272	349.415
-537.03	-38.7515
-38.7515	2529.88
-82.724	380.788
-901.446	-38.7515
-38.7515	2565.4
ModelType: C_SVC
KernelType: LINEAR
Degree: 3
Gamma: 0.0222222
Coef0: 0
NumberOfFeatures: 45
UseShrinking: 1
UseProbability: 1
NumberOfSupportVectors: 45
RHO: 
-0.411595	-0.00320355	1.25651	-0.12002	0.605344	0.725119	0.222548	1.14583	0.484406	-0.194067	0.184214	0.348048	0.105536	0.431998	0.412789	0.242715	0.303267	0.228408	0.684122	0.0128144	-0.194609	0.0356917	0.132324	-0.0508989	0.0926804	-0.0408653	-0.0637158	-0.105247	0.375693	0.536793	-1.91345	0.550181	-0.988673	-0.222504	0.139844	0.214614	0.0624022	0.147286	0.069565	0.0270405	1.25565	-0.540558	-0.00868201	-0.448661	-0.232032	-0.591289	-0.218029	-0.575964	-0.301244	1.11634	0.586163	-0.0638156	-1.43519	-0.188339	-0.0745072	
Label: 
38	20	17	39	9	12	55	46	35	24	15	
ProbA: 
-1.84067	-1.9316	-2.07058	-1.73383	-1.84446	-1.82742	-1.99139	-1.83741	-1.82245	-1.85954	-1.8948	-1.91113	-1.74984	-1.8422	-1.90544	-1.92325	-1.91011	-1.91703	-1.95123	-1.95656	-1.77811	-1.84562	-1.89969	-1.95778	-1.93438	-1.93458	-1.94618	-1.76689	-1.80414	-1.85356	-2.11206	-1.92481	-1.96464	-1.94744	-1.68631	-1.75923	-1.76802	-1.75808	-1.76257	-1.83337	-1.91589	-1.79279	-1.78247	-1.80519	-1.91001	-1.86572	-1.91781	-1.8767	-1.9481	-1.93955	-2.81277	-1.96294	-1.94003	-1.96049	-1.96433	
ProbB: 
0.0332918	0.04699	-0.182141	-0.143902	-0.134426	-0.10875	-0.0756775	0.0584556	0.0709787	0.111788	-0.0175154	0.0184992	-0.15984	-0.0540688	0.00824815	0.0092984	0.015186	0.0186602	0.0355751	-0.0202542	-0.187362	-0.0885865	-0.0303761	-0.0359256	-0.0111167	-0.00310749	0.0942617	-0.172143	-0.120029	-0.0677924	0.0533171	-0.00447217	-0.00182654	0.0401272	0.0929103	0.163546	0.169546	0.159884	0.166641	0.230615	-0.00219033	0.124685	0.117647	0.118067	0.119915	0.0642126	-0.00460125	0.0576044	0.0871549	0.001982	0.0228122	0.0351662	0.00730456	0.03947	0.0347905	
NumSupportVectorsPerClass: 
5	2	3	6	3	4	5	5	4	5	3	
SupportVectors: 
0.112598	0	0.831967	0	0.738251	0.463046	0	0	0	0.301391	1	-0.443051	2	0.910098	3	0.982282	4	-0.126665	5	0.947364	6	0.994356	7	0.226478	8	0.912427	9	1	10	-0.415802	11	0.907623	12	0.916738	13	-0.267528	14	0.526996	15	0.811671	16	-0.260433	17	-0.0299732	18	0.679902	19	0.075068	20	0.837078	21	0.999363	22	0.296785	23	0.400523	24	0.972194	25	0.659028	26	0.827023	27	0.98194	28	-0.467143	29	0.893969	30	0.905895	31	-0.0261321	32	-0.521576	33	0.950633	34	-0.191067	35	-0.753692	36	0.885496	37	-0.428401	38	0.789855	39	0.95897	40	0.260586	41	-0.516832	42	0.985619	43	0.0354079	44	-0.817011	45	0.994401	
0	0	1	0	0	0	1	0.850046	1	0	1	-0.644182	2	0.881404	3	0.994833	4	-0.28572	5	0.922113	6	1	7	0.110165	8	0.894107	9	0.997933	10	-0.621918	11	0.887881	12	0.927217	13	-0.623966	14	0.50058	15	0.817036	16	-0.519676	17	-0.0405786	18	0.681171	19	-0.0511487	20	0.80841	21	1	22	0.184294	23	0.343441	24	0.993579	25	0.584283	26	0.779881	27	0.994968	28	-0.670736	29	0.872059	30	0.928067	31	-0.1765	32	-0.537687	33	0.971518	34	-0.120422	35	-0.768748	36	0.870304	37	-0.61762	38	0.760583	39	0.974753	40	0.129914	41	-0.53182	42	1	43	0.0364392	44	-0.826166	45	0.997949	
0	0.123142	0	0.0764578	0	0	0	0	0	0	1	-0.570609	2	0.796264	3	0.992372	4	-0.223839	5	0.830397	6	0.968662	7	0.173522	8	0.81459	9	0.923019	10	-0.569472	11	0.773379	12	0.907882	13	-0.488602	14	0.393455	15	0.81766	16	-0.512175	17	-0.0191179	18	0.668501	19	0.0173159	20	0.745807	21	0.957852	22	0.250546	23	0.249645	24	1	25	0.709458	26	0.649992	27	0.981518	28	-0.6146	29	0.794863	30	0.960975	31	-0.167984	32	-0.591072	33	0.970135	34	-0.0821675	35	-0.770531	36	0.86645	37	-0.53747	38	0.726346	39	0.992796	40	0.193701	41	-0.550019	42	0.992759	43	0.0277231	44	-0.823145	45	0.994409	
0	0	0	0	0.0100917	0	0.291583	0	0	0	1	-0.58089	2	0.805428	3	0.995305	4	-0.222809	5	0.834657	6	0.969661	7	0.182817	8	0.811789	9	0.921814	10	-0.561564	11	0.777371	12	0.905011	13	-0.518504	14	0.370246	15	0.815223	16	-0.533275	17	-0.0201571	18	0.669214	19	0.0135465	20	0.750005	21	0.962651	22	0.242101	23	0.267125	24	0.990825	25	0.703549	26	0.696107	27	0.983304	28	-0.630177	29	0.807792	30	0.963259	31	-0.145601	32	-0.572293	33	0.960529	34	-0.165558	35	-0.785863	36	0.884929	37	-0.560109	38	0.739172	39	1	40	0.188362	41	-0.534204	42	0.997065	43	0.0152143	44	-0.819285	45	1	
0	0	1	0	0	0	0	0	0	0	1	-0.606395	2	0.804438	3	0.990209	4	-0.237423	5	0.832452	6	0.96385	7	0.179319	8	0.806395	9	0.914091	10	-0.584722	11	0.78455	12	0.90228	13	-0.517106	14	0.411141	15	0.814309	16	-0.5341	17	-0.0304875	18	0.660449	19	0.00489337	20	0.738863	21	0.954001	22	0.247457	23	0.278243	24	0.986417	25	0.686466	26	0.698736	27	0.978223	28	-0.663527	29	0.8164	30	0.960853	31	-0.158105	32	-0.570878	33	0.964015	34	-0.0621622	35	-0.767813	36	0.863547	37	-0.587592	38	0.732317	39	0.993782	40	0.189987	41	-0.533931	42	0.993226	43	0.0352957	44	-0.821585	45	0.999739	
-0.112598	0.0469313	0.086885	0.0426919	0.0983854	0.0790571	0.07021	0.0680585	0.0645248	0.0295897	1	0.931478	2	0.919961	3	0.806558	4	0.939403	5	0.942775	6	0.808778	7	0.934792	8	0.903255	9	0.797598	10	0.904747	11	0.82928	12	0.83282	13	0.60375	14	0.986718	15	0.823702	16	-0.71919	17	0.973056	18	0.75047	19	0.963576	20	0.904376	21	0.719339	22	0.999863	23	0.139342	24	0.686798	25	0.847486	26	-0.213946	27	0.702449	28	0.911714	29	0.85751	30	0.806326	31	0.957319	32	-0.521213	33	0.880202	34	0.962442	35	-0.653162	36	0.821088	37	0.918483	38	0.874863	39	0.733096	40	0.922492	41	-0.476618	42	0.751588	43	0.947704	44	-0.790788	45	0.80419	
-0	0	0	0	0	0	0	0	0	0.202842	1	0.937098	2	0.919655	3	0.80449	4	0.939478	5	0.942521	6	0.808627	7	0.932169	8	0.907439	9	0.800702	10	0.913589	11	0.824566	12	0.835138	13	0.619433	14	0.97459	15	0.820321	16	-0.679066	17	0.973048	18	0.742179	19	0.957534	20	0.908468	21	0.716737	22	1	23	0.144573	24	0.686213	25	0.853948	26	-0.219605	27	0.699398	28	0.92622	29	0.853466	30	0.804027	31	0.958662	32	-0.521355	33	0.879843	34	0.995844	35	-0.649651	36	0.822414	37	0.923653	38	0.878222	39	0.727634	40	0.914431	41	-0.4715	42	0.742127	43	0.974641	44	-0.770438	45	0.812784	
-0	-0	0	0	0	0	0.0108334	0.0222989	0.00897636	0	1	-0.764615	2	-0.0122474	3	0.898458	4	-1	5	-0.00323127	6	0.923094	7	-1	8	0.113153	9	0.945783	10	-1	11	-0.235348	12	0.999657	13	-0.618733	14	-0.456031	15	0.904542	16	-0.520639	17	-0.67493	18	0.92479	19	-1	20	0.145727	21	0.777249	22	-1	23	-0.447247	24	0.738744	25	-1	26	-0.844427	27	0.985244	28	0.088794	29	0.0501762	30	0.910003	31	-0.312129	32	-0.944612	33	1	34	-0.562482	35	-1	36	0.93039	37	-0.383984	38	0.32177	39	0.766517	40	-0.743812	41	-0.704442	42	0.852365	43	-1	44	-0.775865	45	0.802139	
-0.118076	-0.0469313	0.10133	0.124512	0.0583738	0.0389078	0.096905	0.0868822	0.093144	0.0697364	1	-0.708238	2	0.00139739	3	0.891318	4	-0.951658	5	0.00661958	6	0.915032	7	-0.957866	8	0.117794	9	0.935945	10	-0.945987	11	-0.225956	12	0.99144	13	-0.550619	14	-0.447281	15	0.896717	16	-0.459352	17	-0.670074	18	0.916881	19	-0.955622	20	0.155278	21	0.769624	22	-0.907867	23	-0.42264	24	0.721845	25	-0.949149	26	-0.895885	27	0.952184	28	0.136815	29	0.06393	30	0.90414	31	-0.0845254	32	-0.895069	33	0.808911	34	0.0871567	35	-0.753965	36	0.803966	37	-0.32938	38	0.337683	39	0.760154	40	-0.207286	41	-0.892747	42	0.771419	43	-0.0985778	44	-1	45	0.818636	
-0.0050661	-0	0.0053493	0	0.0459755	0.0904899	0.00161188	0.0383021	0.0108318	0	1	-0.664127	2	0.0129481	3	0.893504	4	-0.927491	5	0.00358279	6	0.914247	7	-0.946739	8	0.108924	9	0.934166	10	-0.890184	11	-0.205727	12	0.993578	13	-0.480247	14	-0.428434	15	0.898753	16	-0.396035	17	-0.659616	18	0.918939	19	-0.953525	20	0.129902	21	0.765974	22	-0.740332	23	-0.400052	24	0.694296	25	-0.858178	26	-0.993245	27	0.893492	28	0.205776	29	0.111733	30	0.910509	31	-0.298705	32	-0.633937	33	0.776834	34	-0.117942	35	-0.63943	36	0.911781	37	-0.290886	38	0.343691	39	0.763805	40	-1	41	-0.76528	42	0.753036	43	-0.821231	44	-0.801638	45	0.823812	
-0	-0	-0	0	0.220631	0.291698	1	0	0	0	1	-0.699942	2	0.978542	3	0.894125	4	-0.308464	5	0.999992	6	0.913327	7	0.122793	8	0.943236	9	0.92795	10	-0.593676	11	1	12	0.824113	13	-0.723835	14	0.599191	15	0.704686	16	-0.371207	17	-0.142533	18	0.684971	19	-0.109467	20	0.847126	21	0.932803	22	0.161942	23	0.496738	24	0.871166	25	0.583101	26	0.835199	27	0.820653	28	-0.716622	29	1	30	0.804126	31	-0.140808	32	-0.434487	33	0.859005	34	-0.479043	35	-0.62021	36	0.802257	37	-0.722797	38	0.825957	39	0.874038	40	0.114042	41	-0.441545	42	0.863048	43	0.207356	44	-0.729659	45	0.785527	
-0.831967	-0	-0	0	0.46858	0.130456	0	0.0584914	1	0	1	-0.706324	2	0.958882	3	0.890162	4	-0.321971	5	0.985078	6	0.905701	7	0.106296	8	0.936453	9	0.91662	10	-0.622163	11	0.974411	12	0.819704	13	-0.697268	14	0.697837	15	0.707146	16	-0.44378	17	-0.0877112	18	0.697769	19	-0.112522	20	0.843707	21	0.922258	22	0.156438	23	0.465219	24	0.875614	25	0.606092	26	0.793588	27	0.813105	28	-0.720908	29	0.969911	30	0.805759	31	-0.136317	32	-0.457775	33	0.856871	34	-0.453285	35	-0.625679	36	0.802234	37	-0.714237	38	0.814729	39	0.8717	40	0.110975	41	-0.451869	42	0.858103	43	0.22865	44	-0.728847	45	0.784068	
-0	-0	-0	0	0	0	1	1	1	0	1	-0.71087	2	0.957881	3	0.888549	4	-0.323178	5	0.984021	6	0.905297	7	0.105789	8	0.937377	9	0.918774	10	-0.624736	11	0.977363	12	0.819743	13	-0.700532	14	0.679228	15	0.70815	16	-0.468123	17	-0.0982809	18	0.697799	19	-0.112777	20	0.838843	21	0.921435	22	0.158742	23	0.461532	24	0.875707	25	0.608287	26	0.793835	27	0.815231	28	-0.728329	29	0.972572	30	0.803291	31	-0.145408	32	-0.456384	33	0.852041	34	-0.480798	35	-0.613927	36	0.798649	37	-0.720431	38	0.810816	39	0.868683	40	0.102111	41	-0.452607	42	0.850847	43	0.215114	44	-0.727725	45	0.780643	
-1	-0.086885	-0	0	0	0	0	0	0	0.223774	1	-0.702839	2	0.964355	3	0.887331	4	-0.315872	5	0.989238	6	0.903854	7	0.110334	8	0.938945	9	0.916612	10	-0.61929	11	0.982341	12	0.81933	13	-0.67946	14	0.665197	15	0.705571	16	-0.467228	17	-0.107125	18	0.696996	19	-0.104171	20	0.843892	21	0.919005	22	0.153294	23	0.46652	24	0.870651	25	0.598204	26	0.795848	27	0.809006	28	-0.723267	29	0.978951	30	0.802954	31	-0.121323	32	-0.448915	33	0.855175	34	-0.421596	35	-0.616661	36	0.799928	37	-0.711713	38	0.817193	39	0.867048	40	0.125366	41	-0.444319	42	0.851345	43	0.258776	44	-0.721846	45	0.782401	
-0	-0	-0	0	0	0	0.39335	0	0.296806	0	1	-0.705985	2	0.956161	3	0.882227	4	-0.312912	5	0.982328	6	0.897987	7	0.116657	8	0.935164	9	0.910085	10	-0.618181	11	0.978163	12	0.814383	13	-0.70025	14	0.684029	15	0.704783	16	-0.447767	17	-0.0943847	18	0.692564	19	-0.0999216	20	0.834857	21	0.912436	22	0.155692	23	0.475954	24	0.865432	25	0.608872	26	0.797584	27	0.80041	28	-0.7331	29	0.973299	30	0.799221	31	-0.131012	32	-0.453298	33	0.851032	34	-0.448145	35	-0.618243	36	0.799131	37	-0.718829	38	0.80752	39	0.862266	40	0.122368	41	-0.452575	42	0.848589	43	0.24118	44	-0.726357	45	0.778346	
-1	-0	-0.106679	0.0630385	0	0	1	0	0	0	1	-0.698454	2	0.954854	3	0.880898	4	-0.311304	5	0.981634	6	0.897329	7	0.115068	8	0.936301	9	0.910756	10	-0.616472	11	0.975406	12	0.813759	13	-0.675241	14	0.659057	15	0.704471	16	-0.436758	17	-0.109875	18	0.693391	19	-0.0983839	20	0.836224	21	0.911783	22	0.156996	23	0.472817	24	0.86274	25	0.604325	26	0.807227	27	0.802756	28	-0.721539	29	0.969784	30	0.797267	31	-0.129552	32	-0.456285	33	0.851712	34	-0.446008	35	-0.620276	36	0.801675	37	-0.707063	38	0.807503	39	0.860295	40	0.110556	41	-0.469477	42	0.861498	43	0.250846	44	-0.732608	45	0.783776	
-0	-0.0426919	-0	-0	0	0	0	0	0	0.0493149	1	-0.341856	2	-0.982911	3	0.997452	4	-0.08051	5	-0.6213	6	0.95842	7	0.221967	8	-0.168971	9	0.909463	10	-0.419738	11	-0.64884	12	0.927677	13	-0.0370215	14	-0.894129	15	0.830026	16	0.479336	17	-0.936015	18	0.793393	19	0.156175	20	-0.62353	21	0.918088	22	-0.00653463	23	-1	24	0.822857	25	0.359516	26	-0.895729	27	0.74214	28	-0.366557	29	-0.966107	30	1	31	-0.974976	32	-0.986532	33	0.814984	34	-0.389484	35	-0.602091	36	0.975155	37	-0.264391	38	-0.975103	39	0.993377	40	1	41	-0.982082	42	0.810156	43	-0.211304	44	-0.666114	45	0.981814	
-0.0764578	-0	-0	-0.0630385	0.0679965	0.0753394	0.0642629	0.070092	0.0609916	0	1	-0.358495	2	-0.987959	3	1	4	-0.0972517	5	-0.617303	6	0.965602	7	0.209423	8	-0.159115	9	0.922987	10	-0.439971	11	-0.647545	12	0.933966	13	-0.0399328	14	-0.876182	15	0.830339	16	0.453464	17	-0.927124	18	0.793048	19	0.141873	20	-0.617218	21	0.925892	22	0.000213422	23	-0.999961	24	0.831993	25	0.367167	26	-0.894988	27	0.750598	28	-0.379231	29	-0.983431	30	0.997525	31	-0.986909	32	-0.986007	33	0.810295	34	-0.406806	35	-0.603741	36	0.969233	37	-0.277105	38	-0.987675	39	0.99191	40	0.971953	41	-1	42	0.799971	43	-0.243717	44	-0.674759	45	0.980823	
-0	-0	-0.124512	-0	0	0	0	0	0	0	1	-0.36814	2	-0.986855	3	0.997491	4	-0.10236	5	-0.614014	6	0.964445	7	0.205064	8	-0.152178	9	0.92266	10	-0.446333	11	-0.640909	12	0.933295	13	-0.0269473	14	-0.959197	15	0.827678	16	0.492849	17	-0.972613	18	0.783629	19	0.137637	20	-0.617427	21	0.924292	22	-0.0380038	23	-0.974922	24	0.822482	25	0.331726	26	-0.884039	27	0.742075	28	-0.391237	29	-0.982453	30	0.994053	31	-0.998275	32	-1	33	0.814422	34	-0.409977	35	-0.601732	36	0.967088	37	-0.28893	38	-0.992314	39	0.987846	40	0.958903	41	-0.985189	42	0.795152	43	-0.237475	44	-0.670446	45	0.977843	
-0	-0	-0	-0	-0	0.372756	0	0	0	0	1	-0.45447	2	0.958073	3	0.90368	4	-0.147343	5	0.983514	6	0.905764	7	0.18921	8	0.951787	9	0.893058	10	-0.4985	11	0.938179	12	0.866333	13	-0.499478	14	0.598518	15	0.742639	16	0.431505	17	0.808	18	0.612307	19	0.0976651	20	0.875885	21	0.875987	22	0.243863	23	0.063154	24	0.824604	25	0.49542	26	0.0878351	27	0.746823	28	-0.497491	29	0.94112	30	0.862012	31	-0.182444	32	-0.482145	33	0.917892	34	-0.904039	35	-0.643823	36	0.812944	37	-0.397419	38	0.843347	39	0.868049	40	0.0491109	41	-0.511028	42	0.909415	43	-0.10061	44	-0.711488	45	0.841614	
-0.748343	-0	-0.104349	-0.689211	-0.0679965	0	0.533809	0.425011	0.482551	0.114958	1	-0.440443	2	0.957456	3	0.906574	4	-0.145139	5	0.983269	6	0.909141	7	0.188238	8	0.953084	9	0.897487	10	-0.495668	11	0.933513	12	0.876484	13	-0.525763	14	0.580201	15	0.745664	16	0.424598	17	0.795721	18	0.61643	19	0.099432	20	0.879945	21	0.872493	22	0.225382	23	0.0887204	24	0.821733	25	0.469129	26	0.115868	27	0.746052	28	-0.474261	29	0.936475	30	0.868779	31	-0.17874	32	-0.486054	33	0.917407	34	-0.900542	35	-0.647502	36	0.813144	37	-0.375631	38	0.846045	39	0.866025	40	0.0537284	41	-0.507769	42	0.911922	43	-0.0958638	44	-0.706471	45	0.84835	
-0	-0.0983854	-0	-0	-0	0	0	0	0	0	1	-0.439313	2	0.961048	3	0.911969	4	-0.141741	5	0.985848	6	0.913914	7	0.190953	8	0.954395	9	0.900471	10	-0.492576	11	0.935202	12	0.875321	13	-0.491187	14	0.60804	15	0.741844	16	0.482723	17	0.811359	18	0.615341	19	0.103044	20	0.883195	21	0.882999	22	0.197112	23	0.0629672	24	0.826992	25	0.478081	26	0.111355	27	0.748642	28	-0.476831	29	0.93976	30	0.870917	31	-0.165006	32	-0.484564	33	0.92076	34	-0.894812	35	-0.644797	36	0.815074	37	-0.375826	38	0.850598	39	0.87568	40	0.0633582	41	-0.505955	42	0.912381	43	-0.0926276	44	-0.710136	45	0.844295	
-0	-0	-0	-0	-0	1	0	0	0	0.0481469	1	-0.425521	2	0.958633	3	0.91145	4	-0.138418	5	0.984903	6	0.916173	7	0.191318	8	0.956702	9	0.905761	10	-0.488721	11	0.928852	12	0.878146	13	-0.195348	14	0.753689	15	0.702769	16	0.807698	17	0.902044	18	0.585262	19	0.105996	20	0.887567	21	0.884606	22	0.133698	23	0.19177	24	0.796985	25	0.425502	26	0.215811	27	0.712709	28	-0.455848	29	0.931532	30	0.868112	31	-0.171571	32	-0.48848	33	0.919916	34	-0.9015	35	-0.644299	36	0.815319	37	-0.354844	38	0.85146	39	0.872105	40	0.0542205	41	-0.506553	42	0.90873	43	-0.100381	44	-0.709429	45	0.841722	
-0	-0	-0	-0.187131	-0	-0	0.364013	0.287361	0.37364	0	1	-0.689158	2	0.824798	3	0.825031	4	-0.406884	5	0.847345	6	0.840678	7	0.145381	8	0.990547	9	0.82819	10	-0.603109	11	0.78163	12	0.762152	13	-0.0359506	14	0.709541	15	0.542575	16	0.96057	17	0.434662	18	0.366735	19	-0.269977	20	0.769895	21	0.852157	22	-0.133252	23	0.171257	24	0.798952	25	0.457377	26	0.0716182	27	0.682499	28	-0.551841	29	0.823337	30	0.74467	31	-0.115542	32	-0.562971	33	0.756434	34	-0.698734	35	-0.888974	36	0.723845	37	-0.654292	38	0.768784	39	0.804843	40	-0.139327	41	-0.568422	42	0.867167	43	-0.639518	44	-0.803652	45	0.919052	
-0.463046	-0.0790571	-0	-0.235023	-0	-1	0	0.0455258	0	0.136317	1	-0.643253	2	0.837657	3	0.827791	4	-0.341129	5	0.888691	6	0.840972	7	0.136113	8	0.987606	9	0.830176	10	-0.55415	11	0.831485	12	0.764578	13	-0.00104686	14	0.740002	15	0.556911	16	0.956139	17	0.464272	18	0.373074	19	-0.192503	20	0.799832	21	0.850309	22	-0.0226309	23	0.0786184	24	0.799974	25	0.393731	26	0.0526343	27	0.686135	28	-0.552385	29	0.805733	30	0.751284	31	-0.121887	32	-0.574581	33	0.75219	34	-0.658895	35	-0.809265	36	0.710553	37	-0.622561	38	0.735591	39	0.808395	40	-0.134438	41	-0.599995	42	0.87201	43	-0.606703	44	-0.791124	45	0.935526	
-0	-0	-0.129398	-0	-0	-0	0	0	0	0	1	-0.688715	2	0.80787	3	0.826439	4	-0.42074	5	0.837199	6	0.843302	7	0.135513	8	0.996323	9	0.8274	10	-0.599468	11	0.766582	12	0.773739	13	-0.0616138	14	0.742949	15	0.553507	16	0.997507	17	0.451745	18	0.373149	19	-0.296037	20	0.765279	21	0.845759	22	-0.141137	23	0.218418	24	0.762977	25	0.280219	26	-0.514209	27	0.586689	28	-0.535525	29	0.796831	30	0.750035	31	-0.122454	32	-0.565239	33	0.753081	34	-0.659429	35	-0.803043	36	0.725814	37	-0.641576	38	0.753163	39	0.799923	40	-0.126605	41	-0.588583	42	0.867556	43	-0.608734	44	-0.877062	45	0.912524	
-0	-0	-0	-0	-0.0753394	-0	0	0	0	0	1	-0.676008	2	0.799348	3	0.82312	4	-0.387574	5	0.823733	6	0.837983	7	0.142162	8	0.994771	9	0.828317	10	-0.570951	11	0.761632	12	0.769541	13	-0.0346039	14	0.728127	15	0.552482	16	1	17	0.437422	18	0.37022	19	-0.259629	20	0.744582	21	0.839531	22	-0.0602225	23	0.187951	24	0.80073	25	0.26247	26	-0.510437	27	0.568418	28	-0.560673	29	0.803516	30	0.748747	31	-0.124354	32	-0.592957	33	0.757075	34	-0.655974	35	-0.827426	36	0.731253	37	-0.637507	38	0.746161	39	0.798548	40	-0.118669	41	-0.598462	42	0.865508	43	-0.625037	44	-0.781872	45	0.925865	
-0	-0	-0	-0	-0	-0.372756	0	0	0	0	1	-0.684657	2	0.803479	3	0.824693	4	-0.400056	5	0.830406	6	0.841067	7	0.143656	8	0.990046	9	0.828094	10	-0.583155	11	0.76791	12	0.768807	13	-0.0506931	14	0.747447	15	0.556101	16	0.99377	17	0.448002	18	0.373127	19	-0.272307	20	0.751132	21	0.846294	22	-0.0500565	23	0.118545	24	0.797547	25	0.485748	26	0.0670536	27	0.703992	28	-0.553232	29	0.803691	30	0.746977	31	-0.115217	32	-0.58748	33	0.757466	34	-0.658714	35	-0.826923	36	0.717578	37	-0.650602	38	0.74588	39	0.800481	40	-0.120509	41	-0.59572	42	0.870297	43	-0.609912	44	-0.775413	45	0.917969	
-0	-0	-0	-0.39335	-0	-0	-0	0.108165	1	0	1	-0.838626	2	0.911305	3	0.847601	4	-0.468576	5	0.942243	6	0.87946	7	-0.0418027	8	0.915923	9	0.910117	10	-0.795486	11	0.939409	12	0.801711	13	-0.874121	14	0.465538	15	0.654308	16	-0.51491	17	-0.23781	18	0.635469	19	-0.240486	20	0.796551	21	0.88876	22	0.27371	23	0.51214	24	0.845053	25	0.575467	26	0.840858	27	0.790077	28	-0.821402	29	0.935217	30	0.751928	31	-0.282883	32	-0.514838	33	0.803846	34	-0.965765	35	-0.78645	36	0.791233	37	-0.788962	38	0.76696	39	0.81058	40	0.0959465	41	-0.520814	42	0.855402	43	0.201	44	-0.805069	45	0.832859	
-0	-0	-0.10935	-0	-0.0642629	-0	-0	1	1	0	1	-0.841789	2	0.896725	3	0.847271	4	-0.467138	5	0.932512	6	0.874609	7	-0.0347514	8	0.906675	9	0.89909	10	-0.79964	11	0.92508	12	0.798801	13	-0.873819	14	0.447758	15	0.654672	16	-0.513387	17	-0.251947	18	0.63981	19	-0.235144	20	0.792022	21	0.882152	22	0.275205	23	0.504365	24	0.84244	25	0.57807	26	0.835834	27	0.787358	28	-0.831693	29	0.91389	30	0.757223	31	-0.288168	32	-0.532578	33	0.800157	34	-0.984253	35	-0.793816	36	0.798457	37	-0.79266	38	0.754453	39	0.81336	40	0.0871154	41	-0.53298	42	0.856126	43	0.216387	44	-0.818459	45	0.833858	
-1	-0	-0	-1	-0	-0	-0	0	1	0.159338	1	-0.824971	2	0.909502	3	0.847098	4	-0.451995	5	0.942484	6	0.875108	7	-0.0230471	8	0.917729	9	0.899936	10	-0.7763	11	0.936477	12	0.797646	13	-0.871049	14	0.465909	15	0.65462	16	-0.516456	17	-0.243014	18	0.642634	19	-0.225722	20	0.799851	21	0.88428	22	0.270464	23	0.505044	24	0.837626	25	0.577844	26	0.83291	27	0.783673	28	-0.814335	29	0.92852	30	0.755292	31	-0.271752	32	-0.520636	33	0.802893	34	-0.97402	35	-0.789066	36	0.794113	37	-0.780828	38	0.765837	39	0.813643	40	0.0943776	41	-0.525181	42	0.854623	43	0.227601	44	-0.817282	45	0.833074	
-0	-0	-0	-1	-0	-0	-0	0	1	0	1	-0.830342	2	0.909833	3	0.845965	4	-0.445475	5	0.942513	6	0.87334	7	-0.0105291	8	0.919001	9	0.898843	10	-0.765774	11	0.942836	12	0.795251	13	-0.874191	14	0.468322	15	0.651239	16	-0.516358	17	-0.239313	18	0.640757	19	-0.221995	20	0.793731	21	0.883201	22	0.280044	23	0.504598	24	0.837009	25	0.589934	26	0.83525	27	0.781693	28	-0.828836	29	0.934692	30	0.754357	31	-0.279103	32	-0.516186	33	0.79911	34	-0.984829	35	-0.784346	36	0.798396	37	-0.79814	38	0.761068	39	0.813589	40	0.0962254	41	-0.52309	42	0.853292	43	0.217457	44	-0.816718	45	0.832613	
-0.291583	-0.07021	-0	-1	-0	-0.533809	-0.364013	0	1	0	1	-0.829047	2	0.902297	3	0.844746	4	-0.438403	5	0.936078	6	0.872191	7	0.00196562	8	0.910845	9	0.897223	10	-0.757683	11	0.940319	12	0.794447	13	-0.873172	14	0.46699	15	0.649879	16	-0.497139	17	-0.240671	18	0.64105	19	-0.215636	20	0.783991	21	0.881749	22	0.285991	23	0.502428	24	0.839483	25	0.601398	26	0.834079	27	0.78347	28	-0.833844	29	0.930891	30	0.753307	31	-0.262736	32	-0.517364	33	0.799368	34	-0.981991	35	-0.785954	36	0.795301	37	-0.802595	38	0.750991	39	0.8121	40	0.101039	41	-0.527971	42	0.852606	43	0.222864	44	-0.800662	45	0.833251	
-0	-0	-0	-0	-0	-0	-0	-1	1	0	1	-0.881157	2	0.834703	3	0.830842	4	-0.402349	5	0.871107	6	0.828708	7	0.0899604	8	0.867421	9	0.813644	10	-0.740038	11	0.932161	12	0.833733	13	-1	14	0.499509	15	0.747923	16	-0.948995	17	-0.204766	18	0.70525	19	-0.166738	20	0.668883	21	0.757464	22	-0.175786	23	0.077717	24	0.74057	25	0.035107	26	0.304789	27	0.672669	28	-0.976255	29	0.924776	30	0.823286	31	-0.30057	32	-0.506243	33	0.829186	34	-0.630418	35	-0.774459	36	0.80264	37	-0.915176	38	0.651185	39	0.772155	40	-0.236436	41	-0.572087	42	0.692599	43	-0.19527	44	-0.714444	45	0.769914	
-0.850046	-0.0680585	-0	-1	-0	-0	-0	-0	0.372079	0.130388	1	-0.861534	2	0.839871	3	0.828082	4	-0.38652	5	0.875204	6	0.825307	7	0.10108	8	0.866256	9	0.810453	10	-0.726187	11	0.934943	12	0.827725	13	-0.936592	14	0.599547	15	0.750487	16	-0.994432	17	-0.140505	18	0.709125	19	-0.149527	20	0.673944	21	0.756789	22	-0.197621	23	0.0675364	24	0.736622	25	0.0516275	26	0.321109	27	0.666517	28	-0.960363	29	0.928963	30	0.8194	31	-0.291664	32	-0.506279	33	0.831023	34	-0.606755	35	-0.774758	36	0.800173	37	-0.893381	38	0.657322	39	0.771841	40	-0.224887	41	-0.564091	42	0.689858	43	-0.198713	44	-0.705729	45	0.767947	
-0	-0	-0.147483	-0	-0.070092	-0	-0	-0	0	0	1	-0.861722	2	0.834268	3	0.827091	4	-0.387497	5	0.870986	6	0.824569	7	0.0978041	8	0.865979	9	0.809607	10	-0.721788	11	0.930882	12	0.829855	13	-0.995037	14	0.474379	15	0.745656	16	-0.963246	17	-0.226453	18	0.706466	19	-0.154256	20	0.669891	21	0.753225	22	-0.154181	23	-0.0257221	24	0.755635	25	0.10771	26	0.227515	27	0.683724	28	-0.95663	29	0.923042	30	0.82009	31	-0.299159	32	-0.511203	33	0.829171	34	-0.609696	35	-0.776215	36	0.796281	37	-0.895826	38	0.651461	39	0.768709	40	-0.233965	41	-0.569506	42	0.686386	43	-0.200724	44	-0.712227	45	0.767794	
-0	-0	-0	-0.0584914	-0	-0.425011	-0.332887	-0.108165	0.243988	0	1	-0.869474	2	0.851636	3	0.824111	4	-0.394701	5	0.885912	6	0.823349	7	0.0932489	8	0.877714	9	0.810508	10	-0.735533	11	0.942702	12	0.826461	13	-0.974061	14	0.539779	15	0.743865	16	-0.947524	17	-0.182169	18	0.705745	19	-0.156896	20	0.686689	21	0.754211	22	-0.164111	23	0.0316516	24	0.744884	25	0.0859767	26	0.256347	27	0.676857	28	-0.965915	29	0.936837	30	0.813997	31	-0.312246	32	-0.501809	33	0.824129	34	-0.600206	35	-0.769022	36	0.801828	37	-0.899559	38	0.669532	39	0.765562	40	-0.228202	41	-0.560547	42	0.686985	43	-0.203732	44	-0.708168	45	0.76761	
-0	-0	-0	-0	-0	-0	-0	-1	-1	0	1	-0.995849	2	0.922081	3	0.808721	4	-0.557039	5	0.950937	6	0.832529	7	-0.0663781	8	0.916206	9	0.853259	10	-0.871298	11	0.968624	12	0.746742	13	-0.908749	14	0.5975	15	0.608211	16	-0.534094	17	-0.102773	18	0.596114	19	-0.337772	20	0.784668	21	0.851528	22	0.113917	23	0.435103	24	0.788458	25	0.40306	26	0.729542	27	0.727019	28	-0.993215	29	0.964118	30	0.715631	31	-0.268831	32	-0.468595	33	0.781305	34	-0.861764	35	-0.76056	36	0.765506	37	-0.995193	38	0.759799	39	0.786127	40	-0.145826	41	-0.548245	42	0.823112	43	0.215326	44	-0.752668	45	0.744585	
-0	-0.0645248	-0	-1	-0	-0.482551	-0.37364	-1	-0	0.141024	1	-0.986953	2	0.922999	3	0.807376	4	-0.55153	5	0.951744	6	0.831744	7	-0.061916	8	0.91545	9	0.852286	10	-0.861998	11	0.969043	12	0.745251	13	-0.916489	14	0.650712	15	0.60743	16	-0.52353	17	-0.0814911	18	0.589498	19	-0.334911	20	0.785795	21	0.851473	22	0.113731	23	0.437325	24	0.791571	25	0.403047	26	0.733452	27	0.729738	28	-0.981525	29	0.964616	30	0.713271	31	-0.253266	32	-0.468215	33	0.777647	34	-0.835923	35	-0.757908	36	0.773405	37	-0.986466	38	0.76092	39	0.784744	40	-0.129769	41	-0.544737	42	0.824599	43	0.238108	44	-0.747762	45	0.7447	
-0	-0	-0	-0	-0	-0	-0	-1	-0	0	1	-0.993646	2	0.918971	3	0.807557	4	-0.557244	5	0.948379	6	0.832291	7	-0.0675993	8	0.912999	9	0.853188	10	-0.868695	11	0.966554	12	0.745758	13	-0.931885	14	0.672786	15	0.610544	16	-0.530015	17	-0.0695316	18	0.585314	19	-0.33994	20	0.78184	21	0.85204	22	0.113682	23	0.432779	24	0.792804	25	0.401883	26	0.723324	27	0.730152	28	-0.987525	29	0.961436	30	0.713079	31	-0.259232	32	-0.467575	33	0.783728	34	-0.846093	35	-0.759793	36	0.769804	37	-0.992702	38	0.75648	39	0.784591	40	-0.131269	41	-0.546759	42	0.827052	43	0.234704	44	-0.749807	45	0.744477	
-0	-0	-0	-1	-0	-0	-0	-1	-0	0	1	-0.995528	2	0.909978	3	0.810105	4	-0.56047	5	0.941677	6	0.833536	7	-0.0700521	8	0.913383	9	0.853355	10	-0.874497	11	0.95667	12	0.74735	13	-0.934964	14	0.674045	15	0.612625	16	-0.529	17	-0.0679173	18	0.585862	19	-0.341365	20	0.778733	21	0.852894	22	0.118534	23	0.437699	24	0.794153	25	0.394375	26	0.730864	27	0.731264	28	-0.988692	29	0.948844	30	0.717088	31	-0.251987	32	-0.476637	33	0.786159	34	-0.82619	35	-0.765422	36	0.768494	37	-0.991779	38	0.749925	39	0.78809	40	-0.116104	41	-0.547779	42	0.825417	43	0.231032	44	-0.750217	45	0.746105	
-1	-0	-0.112952	-0.296806	-0.0609916	-0	-0	-1	-0.616067	0	1	-0.995072	2	0.900535	3	0.811214	4	-0.560257	5	0.934289	6	0.834083	7	-0.0698542	8	0.908487	9	0.852589	10	-0.876709	11	0.948294	12	0.748505	13	-0.928743	14	0.645401	15	0.612075	16	-0.520455	17	-0.0863571	18	0.590316	19	-0.339464	20	0.772868	21	0.852809	22	0.11698	23	0.436909	24	0.796954	25	0.400357	26	0.739756	27	0.735996	28	-0.989473	29	0.938104	30	0.719149	31	-0.264548	32	-0.48722	33	0.7873	34	-0.825157	35	-0.770425	36	0.77234	37	-0.989814	38	0.741475	39	0.78932	40	-0.128664	41	-0.559118	42	0.821967	43	0.223438	44	-0.746091	45	0.74586	
-0.301391	-0	-0.0697364	-0.223774	-0	-0.163104	-0.136317	-0.159338	-0.130388	-0.141024	1	0.00577106	2	0.99435	3	0.888227	4	0.101703	5	0.996497	6	0.919796	7	0.249671	8	0.940632	9	0.947858	10	0.200958	11	0.843423	12	0.987508	13	0.584692	14	0.459254	15	0.996775	16	-0.439049	17	-0.132442	18	0.996275	19	0.0324476	20	0.992387	21	0.782886	22	0.397573	23	0.998692	24	0.541979	25	0.958136	26	1	27	0.407667	28	0.270624	29	0.903818	30	0.890039	31	0.911237	32	-0.516387	33	0.936088	34	0.808177	35	-0.737886	36	0.781511	37	-0.0379758	38	0.989482	39	0.753011	40	0.468844	41	-0.28155	42	0.65774	43	0.983763	44	-0.619529	45	0.582405	
-0	-0	-0	-0	-0.0493149	-0	-0	-0	-0	-0	1	0.0248785	2	0.977583	3	0.883713	4	0.126841	5	0.983593	6	0.9168	7	0.275531	8	0.929832	9	0.947451	10	0.207008	11	0.827124	12	0.982046	13	0.61742	14	0.473433	15	1	16	-0.387582	17	-0.127988	18	0.993826	19	0.0709027	20	0.983754	21	0.782436	22	0.410329	23	0.996785	24	0.54233	25	0.990916	26	0.992739	27	0.407983	28	0.265701	29	0.883059	30	0.882467	31	0.894216	32	-0.53274	33	0.936963	34	0.861381	35	-0.732381	36	0.786015	37	-0.0156824	38	0.975603	39	0.748809	40	0.47925	41	-0.298786	42	0.655793	43	0.991711	44	-0.632146	45	0.583327	
-0	-0.232431	-0	-0	-0	-0	-0	-0	-0	-0	1	0.0904246	2	0.98911	3	0.877697	4	0.173398	5	0.991809	6	0.908856	7	0.302854	8	0.933823	9	0.937645	10	0.283336	11	0.838108	12	0.976257	13	0.656659	14	0.472449	15	0.981533	16	-0.40417	17	-0.123554	18	0.992572	19	0.0966858	20	0.988661	21	0.772644	22	0.447791	23	0.996303	24	0.533084	25	0.994675	26	0.983712	27	0.39722	28	0.346076	29	0.898525	30	0.879769	31	0.909644	32	-0.530061	33	0.934587	34	0.829919	35	-0.729043	36	0.78554	37	0.0424581	38	0.985588	39	0.743416	40	0.487393	41	-0.308298	42	0.656362	43	1	44	-0.636166	45	0.580478	
