SVM_MODEL_FILE_V2.0
Trained: 1
UseScaling: 1
NumInputDimensions: 45
NumOutputDimensions: 0
NumTrainingIterationsToConverge: 0
MinNumEpochs: 0
MaxNumEpochs: 100
ValidationSetSize: 20
LearningRate: 0.1
MinChange: 1e-05
UseValidationSet: 0
RandomiseTrainingOrder: 1
UseNullRejection: 0
ClassifierMode: 0
NullRejectionCoeff: 5
NumClasses: 10
NullRejectionThresholds:  0 0 0 0 0 0 0 0 0 0
ClassLabels:  39 51 20 37 1 56 9 31 28 12
Ranges: 
-689.15	308.933
-413.504	1636.42
-0.0375977	1484.1
-246.203	56.9646
-252.638	1384.39
-105.955	1482.84
-411.606	163.902
-646.925	1318.77
-87.7556	1539.06
-360.403	253.902
-600.777	1308.24
-149.855	1520.47
-305.603	308.933
-413.504	117.618
-65.8264	1471.47
-337.143	184.751
-392.757	338.236
-223.564	1555.47
-84.9082	218.831
-646.925	265.462
-62.0549	1616.86
-97.0563	235.761
-2.80226e+165	100.603
-147.86	1573.58
-253.881	1479.01
-279.677	261.264
-305.25	1497.75
-145.524	1564
-281.574	96.603
-76.4803	1481.95
-209.901	1603.58
-682.66	0
-273.57	1537.37
-350.077	1577.47
-1068.07	0
-265.319	1472.93
-0.00148773	1489.07
-404.838	0
-95.8986	1310.77
-54.0647	1495.28
-680.7	171.831
-203.92	1399.36
-147.527	1550.54
-1066.36	225.107
-395.296	1310.13
ModelType: C_SVC
KernelType: LINEAR
Degree: 3
Gamma: 0.0222222
Coef0: 0
NumberOfFeatures: 45
UseShrinking: 1
UseProbability: 1
NumberOfSupportVectors: 40
RHO: 
1.1062	0.168129	-0.157849	-0.302762	-1.59353	-0.0768572	-0.709172	-1.48769	-0.14697	0.14507	-0.111495	-0.41604	-1.89662	-0.0588237	-0.727297	-1.52345	-0.193494	-0.309309	-0.279177	-0.356492	-0.365637	-0.431539	-0.491764	-0.405938	0.0747778	-0.102599	-0.142095	-0.434642	-0.475173	-0.0533165	-0.405024	0.0325453	-1.25621	-1.79717	-0.0862111	-0.0194379	-0.714682	-1.6568	-0.0232998	-1.17337	-0.79105	-0.10849	-0.100187	1.64149	0.692721	
Label: 
39	51	20	37	1	56	9	31	28	12	
ProbA: 
1.55985	-1.59566	-1.80556	-2.65997	-2.89373	-1.82224	-1.83745	-1.89481	-1.5838	-1.56229	-1.81129	-2.30437	-2.8172	-1.82247	-1.87379	-1.94478	-1.60037	-1.48647	-1.30264	-1.48583	-1.78278	-1.89293	-1.68674	-1.57394	-1.63805	-1.77574	-1.93123	-1.85102	-1.94778	-1.59746	-3.8225	-1.47916	-1.62038	-1.81574	-1.50936	-1.80123	-1.83543	-1.9276	-1.57995	-1.61262	-1.85562	-1.13988	-1.91854	-1.68408	-1.68552	
ProbB: 
-0.114518	0.391898	0.0127054	1.01833	0.0556271	0.0627656	0.081888	0.126689	-0.201357	0.376725	-0.0174287	0.182211	-0.19598	0.0591621	0.0389427	0.0539089	-0.216986	-0.292618	-0.577713	-0.330807	-0.173913	-0.396208	-0.113448	-0.646943	-0.15822	-0.0277845	0.139625	0.0690166	0.121425	-0.207935	-2.31264	0.242155	0.257384	0.182847	-0.160633	0.0878051	0.0798524	0.107654	-0.188862	0.237054	0.0984464	0.0211263	0.0138167	-0.269493	-0.310539	
NumSupportVectorsPerClass: 
5	5	3	5	3	5	2	3	6	3	
SupportVectors: 
1	0.144966	0	0.774257	0.937744	0	0	0	0	1	0.380944	2	-0.596568	3	-0.999961	4	0.627113	5	-0.55203	6	-0.760783	7	0.578282	8	0.0210948	9	-0.716537	10	-0.261148	11	-0.260876	12	-0.703938	13	-0.946959	14	0.72203	15	-0.908014	16	-0.377628	17	0.730065	18	-0.739656	19	0.443692	20	0.688459	21	-0.841794	22	0.711885	23	1	24	-0.830746	25	-0.386758	26	-0.97309	27	-0.851094	28	-0.930533	29	-0.145455	30	-0.998827	31	-0.655181	32	-0.355332	33	-0.905716	34	-0.692919	35	-0.0318078	36	-0.511313	37	-0.885485	38	0.466083	39	-0.995347	40	-0.741618	41	-0.0446754	42	-0.943018	43	-0.692557	44	0.307173	45	-0.734351	
1	0	0.032184	0.496618	1	0.329494	0.222482	0.656378	0.206566	1	0.380941	2	-0.596569	3	-0.999941	4	0.630861	5	-0.548686	6	-0.760865	7	0.56235	8	0.0178742	9	-0.713364	10	-0.25084	11	-0.26071	12	-0.698295	13	-0.939851	14	0.621654	15	-0.880164	16	-0.393062	17	0.714745	18	-0.736873	19	0.430326	20	0.700113	21	-0.847563	22	0.706287	23	1	24	-0.82651	25	-0.389143	26	-0.954851	27	-0.839644	28	-0.931889	29	-0.169757	30	-0.994383	31	-0.78022	32	-0.50692	33	-0.876041	34	-0.663788	35	-0.126167	36	-0.441552	37	-0.885462	38	0.461705	39	-1	40	-0.738736	41	0.00533136	42	-0.957188	43	-1	44	0.150701	45	-0.838161	
1	0.168006	0.0329149	0	0.777458	0	0	0	0	1	0.380944	2	-0.596566	3	-0.999952	4	0.630373	5	-0.553546	6	-0.760864	7	0.567997	8	0.0120354	9	-0.712871	10	-0.251765	11	-0.262107	12	-0.70336	13	-0.920213	14	0.603219	15	-0.894611	16	-0.384154	17	0.707458	18	-0.733012	19	0.431222	20	0.685598	21	-0.842523	22	0.728366	23	1	24	-0.824266	25	-0.386734	26	-1	27	-0.842629	28	-0.931082	29	-0.13922	30	-0.998074	31	-0.870545	32	-0.50323	33	-0.892585	34	-0.405952	35	0.125619	36	-0.635405	37	-0.886182	38	0.472543	39	-0.99596	40	-0.732321	41	-0.00848839	42	-0.945992	43	-0.767786	44	0.242437	45	-0.680534	
1	0.0481964	0	0	1	0	0	0	0	1	0.380933	2	-0.59656	3	-1	4	0.634572	5	-0.550176	6	-0.759682	7	0.552892	8	0.0227267	9	-0.739011	10	-0.263427	11	-0.257969	12	-0.702724	13	-0.944508	14	0.619835	15	-0.914306	16	-0.426847	17	0.711629	18	-0.730418	19	0.463191	20	0.689031	21	-0.840918	22	0.728312	23	1	24	-0.843348	25	-0.392972	26	-0.901994	27	-0.857193	28	-0.93241	29	-0.148919	30	-1	31	-0.88931	32	-0.482912	33	-0.639759	34	-0.514018	35	0.374215	36	-0.942442	37	-0.886397	38	0.454486	39	-0.9967	40	-0.743461	41	0.018509	42	-0.961065	43	-0.966911	44	0.151168	45	-0.830517	
1	0	0.446249	1	0	0	0.215945	0.23655	0.111706	1	0.380955	2	-0.59656	3	-0.999956	4	0.638472	5	-0.549599	6	-0.770296	7	0.564621	8	0.0224803	9	-0.742575	10	-0.254298	11	-0.259363	12	-0.706547	13	-0.956373	14	0.631656	15	-0.898803	16	-0.44473	17	0.716149	18	-0.733269	19	0.452514	20	0.694017	21	-0.857202	22	0.739361	23	1	24	-0.83309	25	-0.393391	26	-0.862872	27	-0.85188	28	-0.935815	29	-0.158935	30	-0.984155	31	-0.888251	32	-0.509598	33	-0.651794	34	-0.478058	35	0.215643	36	-0.963018	37	-0.884018	38	0.459165	39	-0.990093	40	-0.737985	41	0.0456889	42	-0.956339	43	-0.958167	44	0.166623	45	-0.828481	
-1	0.19172	0	1	1	0	0.101488	0.176945	0	1	0.380947	2	-0.59657	3	-0.999954	4	0.665726	5	-0.549786	6	-0.764603	7	0.590997	8	0.00929603	9	-0.795395	10	-0.236872	11	-0.252472	12	-0.70588	13	-0.97074	14	0.597828	15	-0.941036	16	-0.481138	17	0.712041	18	-0.755829	19	0.471675	20	0.678928	21	-0.847091	22	0.743389	23	1	24	-0.812003	25	-0.437203	26	-0.908379	27	-0.914201	28	-0.935827	29	-0.134227	30	-0.993802	31	-0.83584	32	-0.377457	33	-1	34	-0.640179	35	-0.0670295	36	-0.578999	37	-0.895123	38	0.437391	39	-0.992255	40	-0.607556	41	0.0744073	42	-0.889843	43	-0.712895	44	0.262553	45	-0.788931	
-1	0.0312474	0	0.376526	0.466943	0	0	0	0.10863	1	0.380947	2	-0.596566	3	-0.999952	4	0.661408	5	-0.555078	6	-0.767344	7	0.595517	8	0.00674473	9	-0.796159	10	-0.2414	11	-0.25769	12	-0.708358	13	-0.964913	14	0.586139	15	-0.941925	16	-0.415277	17	0.711611	18	-0.76081	19	0.472212	20	0.670856	21	-0.849815	22	0.738087	23	1	24	-0.817974	25	-0.408668	26	-0.865523	27	-0.837331	28	-0.935562	29	-0.113455	30	-0.99092	31	-0.865163	32	-0.521074	33	-0.817714	34	-0.568383	35	0.0351895	36	-0.405264	37	-0.89367	38	0.460873	39	-0.989246	40	-0.752823	41	0.0405886	42	-0.950507	43	-0.554596	44	0.194819	45	-0.650051	
-1	0	0	0	0.94584	0	0	0	0	1	0.380948	2	-0.596568	3	-0.999953	4	0.661076	5	-0.555004	6	-0.767169	7	0.601096	8	0.00662497	9	-0.801005	10	-0.238536	11	-0.257447	12	-0.708689	13	-0.946732	14	0.609655	15	-0.931698	16	-0.462926	17	0.692066	18	-0.765062	19	0.465759	20	0.670616	21	-0.849153	22	0.738722	23	1	24	-0.817022	25	-0.404878	26	-0.918053	27	-0.831173	28	-0.933983	29	-0.113122	30	-0.99154	31	-0.890372	32	-0.522846	33	-0.800672	34	-0.583996	35	-0.136565	36	-0.403878	37	-0.895344	38	0.45992	39	-0.98896	40	-0.73331	41	0.0344781	42	-0.950883	43	-0.679623	44	0.242677	45	-0.499053	
-1	0.133713	0.143751	0	0.549726	0	0	0	0	1	0.380948	2	-0.596568	3	-0.999953	4	0.661076	5	-0.555004	6	-0.767169	7	0.601096	8	0.00662497	9	-0.801005	10	-0.238536	11	-0.257447	12	-0.708689	13	-0.946732	14	0.609655	15	-0.931698	16	-0.462926	17	0.692066	18	-0.765062	19	0.465759	20	0.670616	21	-0.849153	22	0.738722	23	1	24	-0.817022	25	-0.404878	26	-0.918053	27	-0.831173	28	-0.933983	29	-0.113122	30	-0.99154	31	-0.890372	32	-0.522846	33	-0.800672	34	-0.583996	35	-0.136565	36	-0.403878	37	-0.895344	38	0.45992	39	-0.98896	40	-0.73331	41	0.0344781	42	-0.950883	43	-0.679623	44	0.242677	45	-0.499053	
-1	0	0.409517	1	1	0.375491	0.349202	0.761868	0.220319	1	0.380949	2	-0.596566	3	-0.99995	4	0.649151	5	-0.553585	6	-0.770729	7	0.602431	8	0.00637378	9	-0.802098	10	-0.242779	11	-0.258675	12	-0.711018	13	-0.949641	14	0.59684	15	-0.918406	16	-0.476273	17	0.681155	18	-0.769484	19	0.450532	20	0.678273	21	-0.853574	22	0.728893	23	1	24	-0.824349	25	-0.448687	26	-0.936381	27	-0.937695	28	-0.930589	29	-0.126848	30	-0.987304	31	-0.9374	32	-0.489692	33	-0.867782	34	-0.592214	35	-0.1382	36	-0.499019	37	-0.894383	38	0.461322	39	-0.985598	40	-0.81739	41	-0.580789	42	-0.80373	43	-0.705491	44	0.233562	45	-0.67235	
-0.359527	-0.35668	0.344613	0.332249	0.326429	0.15857	0.151993	0.183957	0.141645	1	0.381003	2	-0.596668	3	-0.999836	4	0.804168	5	-0.59557	6	-1	7	0.636182	8	-0.282621	9	-1	10	0.14618	11	-0.33763	12	-1	13	-0.339199	14	0.109106	15	-0.96978	16	-0.140329	17	-0.546159	18	-0.484322	19	-0.0266769	20	0.692815	21	-1	22	0.187037	23	1	24	-0.992814	25	-0.45839	26	-0.949427	27	-0.501003	28	-0.913993	29	-0.238544	30	-0.836472	31	-0.772003	32	0.493931	33	-0.85043	34	-0.76912	35	0.457269	36	-0.636552	37	-0.976411	38	0.903127	39	-0.634314	40	-0.777563	41	0.385592	42	-0.626798	43	-0.749433	44	0.321334	45	-0.205967	
-0.00164176	-0	0	0	0	0	0	0	0.00218474	1	1	2	-1	3	0.759374	4	0.260287	5	-1	6	0.888083	7	0.218188	8	-1	9	0.697016	10	1	11	-1	12	1	13	0.372724	14	-0.348891	15	0.875615	16	1	17	-0.997603	18	0.722114	19	0.0929765	20	-0.454134	21	0.677382	22	-0.416759	23	1	24	-0.998076	25	1	26	0.167498	27	-0.69541	28	1	29	0.858095	30	-0.629718	31	1	32	0.70809	33	-0.740625	34	1	35	0.524326	36	-0.843787	37	0.986603	38	0.243869	39	-0.740488	40	1	41	1	42	-0.773827	43	1	44	0.999951	45	-0.762394	
-0	-0	0	0.00419604	0.00229542	0.0101299	0.00351338	0.00297328	0.00965543	1	-1	2	1	3	-0.844266	4	-1	5	1	6	-0.644611	7	-1	8	1	9	-0.715362	10	-1	11	1	12	-0.820569	13	0.102752	14	0.0397935	15	1	16	0.423249	17	0.01821	18	1	19	0.0279556	20	0.891836	21	1	22	-1	23	1	24	1	25	-1	26	-0.410482	27	1	28	-1	29	1	30	1	31	-0.585929	32	0.974459	33	1	34	-0.408365	35	0.656843	36	1	37	-0.585464	38	-1	39	1	40	-1	41	-0.0176497	42	1	43	-0.799595	44	-0.357894	45	1	
-0.459203	-0	-0.213964	0.245373	0.0729221	0	0.120042	0.129848	0.0880765	1	0.380951	2	-0.596575	3	-0.999959	4	0.593101	5	-0.503842	6	-0.822891	7	0.733718	8	0.0362804	9	-0.864524	10	-0.300342	11	-0.223308	12	-0.733669	13	-0.868873	14	0.289322	15	-0.80142	16	-0.981743	17	-0.799221	18	-0.840171	19	0.455064	20	0.782777	21	-0.929763	22	0.828505	23	1	24	-0.928089	25	-0.707297	26	-0.198622	27	-1	28	-0.927218	29	-0.365259	30	-0.916091	31	-0.884672	32	-0.556493	33	-0.661548	34	-0.611565	35	0.157398	36	-0.774332	37	-0.875423	38	0.281543	39	-0.946702	40	-0.985249	41	-0.194887	42	-0.973059	43	-0.699764	44	-0.11949	45	-0.463689	
-0.0475302	-0	-0	0	0	0	0.068275	0.12278	0	1	0.380972	2	-0.596575	3	-0.999945	4	0.617582	5	-0.505895	6	-0.820953	7	0.748322	8	0.031566	9	-0.865127	10	-0.292134	11	-0.221629	12	-0.733749	13	-0.856409	14	0.285426	15	-0.805604	16	-0.98014	17	-0.804012	18	-0.840843	19	0.487335	20	0.771894	21	-0.926015	22	0.862708	23	1	24	-0.914075	25	-0.705418	26	-0.215249	27	-0.998495	28	-0.942047	29	-0.348454	30	-0.916631	31	-0.88008	32	-0.583191	33	-0.658222	34	-0.628348	35	0.260057	36	-0.909178	37	-0.868311	38	0.282464	39	-0.950423	40	-0.823654	41	-0.342212	42	-0.858809	43	-0.697554	44	-0.142225	45	-0.423266	
-0	-0	-0	0	0	0.446656	0.122359	0.0772378	0.192685	1	0.38094	2	-0.596566	3	-0.999955	4	0.596666	5	-0.508695	6	-0.825908	7	0.733157	8	0.033069	9	-0.870285	10	-0.301936	11	-0.227371	12	-0.732918	13	-0.870343	14	0.26699	15	-0.811987	16	-0.983977	17	-0.812412	18	-0.842617	19	0.465405	20	0.773861	21	-0.936221	22	0.735685	23	1	24	-0.959205	25	-0.707739	26	-0.191038	27	-0.999105	28	-0.936321	29	-0.346978	30	-0.908146	31	-0.882028	32	-0.576443	33	-0.6579	34	-0.688764	35	-0.000359901	36	-0.441693	37	-0.866454	38	0.303907	39	-0.948672	40	-0.806691	41	-0.438394	42	-0.803879	43	-0.747418	44	-0.0856199	45	-0.414992	
-0	-0.456301	-0	0	0.303856	0	0	0	0	1	0.380949	2	-0.596568	3	-0.99995	4	0.601493	5	-0.509714	6	-0.827251	7	0.730402	8	0.0334154	9	-0.872146	10	-0.296403	11	-0.227357	12	-0.73367	13	-0.868885	14	0.272698	15	-0.81134	16	-1	17	-0.802251	18	-0.844663	19	0.463851	20	0.770178	21	-0.938015	22	0.798523	23	1	24	-0.942235	25	-0.709623	26	-0.196277	27	-0.998679	28	-0.937537	29	-0.340014	30	-0.906026	31	-0.882367	32	-0.574106	33	-0.65946	34	-0.682948	35	0.0339121	36	-0.50013	37	-0.867	38	0.305603	39	-0.947967	40	-0.801929	41	-0.4293	42	-0.825246	43	-0.788628	44	-0.0403491	45	-0.387533	
-0.00461405	-0.0969676	-0.130648	0.393696	0.26264	0	0	0	0	1	0.380949	2	-0.59657	3	-0.999946	4	0.604295	5	-0.512011	6	-0.827061	7	0.730504	8	0.0335704	9	-0.86929	10	-0.303633	11	-0.228187	12	-0.73869	13	-0.866057	14	0.276424	15	-0.813885	16	-0.980802	17	-0.801886	18	-0.845846	19	0.484066	20	0.76367	21	-0.932662	22	0.870483	23	1	24	-0.91185	25	-0.70574	26	-0.19661	27	-0.998506	28	-0.93464	29	-0.324304	30	-0.911546	31	-0.877717	32	-0.55325	33	-0.654141	34	-0.626957	35	0.181423	36	-0.525651	37	-0.871466	38	0.309471	39	-0.942264	40	-0.782378	41	-0.429499	42	-0.804309	43	-0.822982	44	0.011217	45	-0.383414	
-0.270875	-0.426824	-0	-0.165753	1	0	0.0793744	0.242699	0	1	0.380949	2	-0.596566	3	-0.999951	4	0.662764	5	-0.538539	6	-0.787945	7	0.56808	8	0.0385027	9	-0.803864	10	-0.263239	11	-0.240318	12	-0.728319	13	-0.997161	14	0.610753	15	-0.852081	16	-0.549492	17	0.73673	18	-0.76804	19	0.519088	20	0.693858	21	-0.868946	22	0.884206	23	1	24	-0.820461	25	-0.581131	26	-0.246113	27	-0.974545	28	-0.949265	29	-0.174976	30	-0.969219	31	-0.915951	32	-0.169146	33	-0.835935	34	-0.720284	35	0.135574	36	-0.773704	37	-0.878483	38	0.384598	39	-0.966749	40	-0.803689	41	-0.45743	42	-0.876188	43	-0.977457	44	-0.0705613	45	-0.78446	
-1	-0.949702	-0.336445	-0.209005	1	0	0	0	0	1	0.380951	2	-0.596559	3	-0.999937	4	0.658898	5	-0.541263	6	-0.791713	7	0.577659	8	0.0428392	9	-0.796957	10	-0.274512	11	-0.243381	12	-0.730689	13	-1	14	0.672946	15	-0.821805	16	-0.546145	17	0.758676	18	-0.762712	19	0.534171	20	0.690491	21	-0.873719	22	0.887378	23	1	24	-0.814725	25	-0.585787	26	-0.21755	27	-0.981109	28	-0.942411	29	-0.165262	30	-0.965469	31	-0.913527	32	-0.0626899	33	-0.82719	34	-0.711959	35	0.297296	36	-0.629039	37	-0.884774	38	0.397678	39	-0.962332	40	-0.723615	41	0.0441546	42	-1	43	-0.844072	44	0.0878014	45	-0.420565	
-1	-1	-0	-0.26431	1	0.572079	0.84189	1	0.580714	1	0.380939	2	-0.596566	3	-0.999962	4	0.641294	5	-0.541548	6	-0.789031	7	0.564188	8	0.037068	9	-0.795099	10	-0.267333	11	-0.243723	12	-0.736204	13	-0.975167	14	0.612817	15	-0.856662	16	-0.55576	17	0.750603	18	-0.771956	19	0.48451	20	0.690186	21	-0.863157	22	0.90237	23	1	24	-0.782186	25	-0.588196	26	-0.235522	27	-0.977407	28	-0.947872	29	-0.165027	30	-0.972907	31	-0.942301	32	-0.387016	33	-0.966654	34	-0.669569	35	-0.206391	36	-0.604263	37	-0.871367	38	0.399616	39	-0.960258	40	-0.781371	41	-0.469004	42	-0.86829	43	-0.928176	44	-0.0517832	45	-0.737828	
-1	-1	-0.0420084	-0	-0.173788	0	0	0	0	1	0.380956	2	-0.596563	3	-0.999951	4	0.684507	5	-0.526161	6	-0.788346	7	0.564223	8	0.0433886	9	-0.771375	10	-0.218809	11	-0.238973	12	-0.698383	13	-0.982281	14	0.604298	15	-0.764369	16	-0.634389	17	0.715401	18	-0.70696	19	0.472633	20	0.735463	21	-0.899487	22	0.755836	23	1	24	-0.843844	25	-0.493711	26	-0.934498	27	-0.91849	28	-0.932882	29	-0.256761	30	-0.950462	31	-0.927056	32	-0.506896	33	-0.889576	34	-0.757492	35	0.0471211	36	-0.451884	37	-0.906128	38	0.360939	39	-0.986624	40	-0.788964	41	-0.178432	42	-0.942024	43	-0.966632	44	-0.0252942	45	-0.684719	
-0.735331	-1	-0	-0	-0	0.29834	0	0.735585	0.107404	1	0.380949	2	-0.596562	3	-0.999951	4	0.707173	5	-0.529215	6	-0.786015	7	0.564978	8	0.0398274	9	-0.782664	10	-0.198505	11	-0.240997	12	-0.691729	13	-0.956362	14	0.588657	15	-0.751452	16	-0.620844	17	0.704384	18	-0.696063	19	0.476818	20	0.728736	21	-0.901696	22	0.765422	23	1	24	-0.83038	25	-0.503154	26	-0.886335	27	-0.933354	28	-0.939564	29	-0.243187	30	-0.948187	31	-0.959495	32	-0.454793	33	-0.917014	34	-0.728283	35	0.0377948	36	-0.490663	37	-0.907705	38	0.372984	39	-0.994413	40	-0.859524	41	-0.413125	42	-0.919572	43	-0.848785	44	-0.177792	45	-0.462847	
-0	-0.928073	-0	-0	-1	0	0	0	0	1	0.380945	2	-0.596566	3	-0.999952	4	0.698379	5	-0.52963	6	-0.784577	7	0.55779	8	0.0318178	9	-0.81507	10	-0.210792	11	-0.24204	12	-0.692331	13	-0.968834	14	0.600319	15	-0.753314	16	-0.698026	17	0.677055	18	-0.695931	19	0.484111	20	0.729432	21	-0.898375	22	0.753556	23	1	24	-0.823131	25	-0.503278	26	-0.812846	27	-0.932262	28	-0.939693	29	-0.243615	30	-0.95106	31	-0.969593	32	-0.452479	33	-0.91642	34	-0.621983	35	0.0328885	36	-0.541396	37	-0.903986	38	0.376651	39	-0.994482	40	-0.828437	41	-0.523887	42	-0.882851	43	-0.922299	44	-0.054962	45	-0.653035	
-0.97987	-0.650321	-0	-0.639418	-0.826212	0.106753	0.537872	0.320898	0.233904	1	0.380945	2	-0.596566	3	-0.999952	4	0.698379	5	-0.52963	6	-0.784577	7	0.55779	8	0.0318178	9	-0.81507	10	-0.210792	11	-0.24204	12	-0.692331	13	-0.968834	14	0.600319	15	-0.753314	16	-0.698026	17	0.677055	18	-0.695931	19	0.484111	20	0.729432	21	-0.898375	22	0.753556	23	1	24	-0.823131	25	-0.503278	26	-0.812846	27	-0.932262	28	-0.939693	29	-0.243615	30	-0.95106	31	-0.969593	32	-0.452479	33	-0.91642	34	-0.621983	35	0.0328885	36	-0.541396	37	-0.903986	38	0.376651	39	-0.994482	40	-0.828437	41	-0.523887	42	-0.882851	43	-0.922299	44	-0.054962	45	-0.653035	
-1	-0.384116	-0.286716	-0	-1	0	0	0.0975826	0	1	0.380954	2	-0.596566	3	-0.999955	4	0.691966	5	-0.532755	6	-0.780112	7	0.555046	8	0.0341172	9	-0.822627	10	-0.222446	11	-0.245041	12	-0.692147	13	-0.975717	14	0.620374	15	-0.740518	16	-0.675844	17	0.709848	18	-0.695682	19	0.494879	20	0.724497	21	-0.890109	22	0.771321	23	1	24	-0.818586	25	-0.512783	26	-0.813764	27	-0.942227	28	-0.938086	29	-0.2303	30	-0.959176	31	-0.918011	32	-0.212818	33	-0.842282	34	-0.641879	35	0.209969	36	-0.716423	37	-0.903194	38	0.389488	39	-0.995585	40	-0.827016	41	-0.43425	42	-0.878727	43	-0.959261	44	0.00103622	45	-0.700353	
-0	-0.111968	-0	-0.446656	-0	-0.181123	0	0.0430541	0	1	0.380078	2	-0.614061	3	-0.902153	4	0.671307	5	-0.468891	6	-0.760019	7	0.490948	8	0.055367	9	-0.759563	10	-0.334202	11	-0.174083	12	-0.705578	13	-0.824235	14	0.323082	15	-0.987792	16	0.0371466	17	0.140731	18	-0.996724	19	0.679664	20	0.805199	21	-0.838717	22	0.756069	23	1	24	-0.950399	25	-0.674795	26	0.351847	27	-0.940054	28	-0.947076	29	-0.647062	30	-0.816018	31	-0.879113	32	-0.804482	33	-0.624006	34	-0.740993	35	-0.875503	36	-0.617796	37	-0.886812	38	-0.092031	39	-0.786828	40	-0.821427	41	-0.862607	42	-0.678218	43	-0.726983	44	-0.909304	45	-0.473066	
-0.329494	-0.263523	-0.1687	-0	-0.572079	-0.223969	0.781237	0.478306	0.984996	1	0.373616	2	-0.590818	3	-0.898302	4	0.665212	5	-0.439735	6	-0.759448	7	0.493111	8	0.0771549	9	-0.763193	10	-0.336789	11	-0.14702	12	-0.704112	13	-0.817745	14	0.450409	15	-1	16	0.0814354	17	0.208536	18	-1	19	0.67273	20	0.853202	21	-0.839094	22	0.649812	23	1	24	-0.966488	25	-0.698711	26	0.503239	27	-0.946715	28	-0.953455	29	-0.515407	30	-0.808706	31	-0.885126	32	-0.731548	33	-0.617714	34	-0.746591	35	-0.828887	36	-0.611233	37	-0.894331	38	0.0199564	39	-0.779968	40	-0.828654	41	-0.809428	42	-0.672199	43	-0.733578	44	-0.874199	45	-0.467406	
-0.438427	-0.45069	-0.155506	-0.310676	-0.921265	-0.537872	-0.228536	1	1	1	0.460509	2	-0.545219	3	-0.895998	4	0.965769	5	-0.391343	6	-0.70232	7	0.658184	8	0.10523	9	-0.667617	10	-0.183222	11	-0.11052	12	-0.632226	13	-0.884859	14	0.907346	15	-0.820311	16	-0.394814	17	0.984112	18	-0.623887	19	0.962128	20	0.950482	21	-0.802489	22	0.788076	23	1	24	-0.881158	25	-0.601309	26	0.528116	27	-0.911836	28	-0.904228	29	-0.244812	30	-0.851914	31	-0.993328	32	-0.418311	33	-0.818505	34	-0.988142	35	-0.528301	36	-0.984303	37	-0.840262	38	0.299402	39	-0.851422	40	-0.847433	41	-0.560025	42	-0.966335	43	-0.81278	44	-0.635485	45	-0.953133	
-0	-0	-0	-0	-0	-0	-0	0.455204	0.344222	1	0.462668	2	-0.551094	3	-0.896395	4	0.995389	5	-0.398498	6	-0.704583	7	0.688448	8	0.101432	9	-0.67736	10	-0.17018	11	-0.112277	12	-0.639206	13	-0.859168	14	0.918701	15	-0.81233	16	-0.335651	17	0.996528	18	-0.608827	19	0.994878	20	0.928484	21	-0.799827	22	0.78801	23	1	24	-0.882662	25	-0.597043	26	0.526258	27	-0.903749	28	-0.90728	29	-0.265019	30	-0.853293	31	-0.998892	32	-0.418895	33	-0.826247	34	-0.995808	35	-0.522154	36	-0.998936	37	-0.84303	38	0.257158	39	-0.84646	40	-0.861662	41	-0.557861	42	-0.97973	43	-0.835912	44	-0.61995	45	-0.981769	
-0	-0	-0	-0	-0	-0	-0.552701	0	0	1	0.464037	2	-0.555232	3	-0.899278	4	0.997076	5	-0.403502	6	-0.707795	7	0.688822	8	0.0981759	9	-0.682006	10	-0.169326	11	-0.11695	12	-0.642041	13	-0.843455	14	0.903924	15	-0.812211	16	-0.324223	17	0.993337	18	-0.609474	19	0.996519	20	0.920304	21	-0.803086	22	0.79146	23	1	24	-0.879406	25	-0.591391	26	0.530887	27	-0.903541	28	-0.905976	29	-0.289315	30	-0.855376	31	-0.995704	32	-0.434854	33	-0.827328	34	-0.991036	35	-0.53389	36	-0.999349	37	-0.841544	38	0.236497	39	-0.849064	40	-0.864447	41	-0.570838	42	-0.977769	43	-0.84215	44	-0.630526	45	-0.976087	
-0	-0	-0	-0	-0.0820844	-0	-0	-0	0	1	0.422169	2	-0.533975	3	-0.90451	4	0.822466	5	-0.376494	6	-0.712559	7	0.570573	8	0.118532	9	-0.67919	10	-0.258127	11	-0.0970483	12	-0.653456	13	-0.906105	14	0.924176	15	-0.831934	16	-0.412852	17	0.998195	18	-0.636231	19	0.827552	20	0.97558	21	-0.800747	22	0.973795	23	1	24	-0.80299	25	-0.429505	26	-0.745673	27	-0.917977	28	-0.924434	29	-0.18508	30	-0.86466	31	-0.995357	32	-0.414524	33	-0.818162	34	-0.974655	35	-0.543888	36	-0.972615	37	-0.861507	38	0.351259	39	-0.850097	40	-0.859166	41	-0.535041	42	-0.967751	43	-0.815866	44	-0.618765	45	-0.956795	
-0.0967364	-0	-0.18693	-0	-0	-0	-0	-0	0	1	0.430326	2	-0.531439	3	-0.902939	4	0.84103	5	-0.373306	6	-0.71083	7	0.578776	8	0.12095	9	-0.678888	10	-0.249151	11	-0.0953156	12	-0.652332	13	-0.90712	14	0.922169	15	-0.829117	16	-0.396958	17	0.992264	18	-0.63397	19	0.846458	20	0.983394	21	-0.798592	22	0.977148	23	1	24	-0.806752	25	-0.424725	26	-0.742372	27	-0.92281	28	-0.918239	29	-0.174251	30	-0.863745	31	-0.997447	32	-0.402948	33	-0.815295	34	-0.983794	35	-0.533063	36	-0.967544	37	-0.854308	38	0.366718	39	-0.848383	40	-0.864442	41	-0.524911	42	-0.965587	43	-0.831379	44	-0.610307	45	-0.954165	
-0.796192	-0.930018	-0	-0	-0	-1	-0	-0	0	1	0.41902	2	-0.534276	3	-0.903524	4	0.826111	5	-0.37611	6	-0.715217	7	0.584241	8	0.11869	9	-0.687274	10	-0.253779	11	-0.0962768	12	-0.648587	13	-0.908227	14	0.915348	15	-0.827659	16	-0.409887	17	0.987181	18	-0.623239	19	0.826037	20	0.975342	21	-0.810622	22	0.979378	23	1	24	-0.804073	25	-0.421781	26	-0.760348	27	-0.919547	28	-0.928239	29	-0.188745	30	-0.855584	31	-0.998118	32	-0.408288	33	-0.818888	34	-0.976506	35	-0.534823	36	-0.981922	37	-0.867065	38	0.345474	39	-0.849985	40	-0.861108	41	-0.534456	42	-0.971792	43	-0.814654	44	-0.616264	45	-0.964336	
-0	-0.00879446	-0	-0	-0	-0.154066	-0	-0	0	1	0.417177	2	-0.533984	3	-0.90394	4	0.825431	5	-0.37569	6	-0.716044	7	0.585504	8	0.118883	9	-0.688017	10	-0.254847	11	-0.0946711	12	-0.651551	13	-0.914338	14	0.928121	15	-0.827449	16	-0.418553	17	1	18	-0.630652	19	0.826839	20	0.97349	21	-0.809238	22	0.962647	23	1	24	-0.808682	25	-0.418307	26	-0.760258	27	-0.925853	28	-0.93042	29	-0.18384	30	-0.856853	31	-0.996518	32	-0.409832	33	-0.819136	34	-0.971694	35	-0.538428	36	-0.981335	37	-0.869227	38	0.343408	39	-0.848464	40	-0.861504	41	-0.533681	42	-0.972527	43	-0.81354	44	-0.614637	45	-0.966897	
-0	-0	-0	-0	-0.242495	-0	-0	-0.458056	0	1	0.428066	2	-0.549285	3	-0.908136	4	0.867746	5	-0.39347	6	-0.726365	7	0.613094	8	0.107578	9	-0.71177	10	-0.234856	11	-0.107824	12	-0.664802	13	-0.905129	14	0.917639	15	-0.829749	16	-0.392202	17	0.988589	18	-0.632898	19	0.870878	20	0.937207	21	-0.815589	22	0.974234	23	1	24	-0.796858	25	-0.427224	26	-0.59476	27	-0.932403	28	-0.92539	29	-0.266767	30	-0.856407	31	-0.997206	32	-0.441156	33	-0.827312	34	-0.977252	35	-0.549467	36	-0.998428	37	-0.863036	38	0.254765	39	-0.843354	40	-0.859624	41	-0.552615	42	-0.98828	43	-0.815396	44	-0.612436	45	-1	
-0	-0	-0	-0.329866	-0.918119	-0	-0.52136	-0.997149	0.539411	1	0.428066	2	-0.549285	3	-0.908136	4	0.867746	5	-0.39347	6	-0.726365	7	0.613094	8	0.107578	9	-0.71177	10	-0.234856	11	-0.107824	12	-0.664802	13	-0.905129	14	0.917639	15	-0.829749	16	-0.392202	17	0.988589	18	-0.632898	19	0.870878	20	0.937207	21	-0.815589	22	0.974234	23	1	24	-0.796858	25	-0.427224	26	-0.59476	27	-0.932403	28	-0.92539	29	-0.266767	30	-0.856407	31	-0.997206	32	-0.441156	33	-0.827312	34	-0.977252	35	-0.549467	36	-0.998428	37	-0.863036	38	0.254765	39	-0.843354	40	-0.859624	41	-0.552615	42	-0.98828	43	-0.815396	44	-0.612436	45	-1	
-0	-0	-0	-0	-0	-0	-0	-0.359983	-0	1	0.378215	2	-0.507955	3	-0.81957	4	0.653038	5	-0.351982	6	-0.607088	7	0.465062	8	0.128918	9	-0.550071	10	-0.339677	11	-0.0666808	12	-0.596433	13	-0.866114	14	1	15	-0.988306	16	0.16821	17	0.629716	18	-0.910207	19	0.654267	20	1	21	-0.657858	22	1	23	1	24	-0.87175	25	-0.635736	26	1	27	-0.822052	28	-0.946016	29	0.017852	30	-0.836763	31	-0.897227	32	-0.377979	33	-0.778148	34	-0.757863	35	-0.602903	36	-0.778363	37	-0.885584	38	0.490463	39	-0.760784	40	-0.792378	41	-0.503107	42	-0.858896	43	-0.676029	44	-0.619373	45	-0.826895	
-0.318272	-0.326018	-0	-0	-0.441106	-0.0168425	-0	-0.984239	-0.539411	1	0.378215	2	-0.507955	3	-0.81957	4	0.653038	5	-0.351982	6	-0.607088	7	0.465062	8	0.128918	9	-0.550071	10	-0.339677	11	-0.0666808	12	-0.596433	13	-0.866114	14	1	15	-0.988306	16	0.16821	17	0.629716	18	-0.910207	19	0.654267	20	1	21	-0.657858	22	1	23	1	24	-0.87175	25	-0.635736	26	1	27	-0.822052	28	-0.946016	29	0.017852	30	-0.836763	31	-0.897227	32	-0.377979	33	-0.778148	34	-0.757863	35	-0.602903	36	-0.778363	37	-0.885584	38	0.490463	39	-0.760784	40	-0.792378	41	-0.503107	42	-0.858896	43	-0.676029	44	-0.619373	45	-0.826895	
-0	-0.00293041	-0.153485	-0.280761	-0.139609	-0.324466	-0.984996	-0	-0	1	0.378518	2	-0.505881	3	-0.814703	4	0.645241	5	-0.351218	6	-0.597656	7	0.459479	8	0.126602	9	-0.533595	10	-0.341991	11	-0.0653067	12	-0.591437	13	-0.86375	14	0.974205	15	-0.986922	16	0.159236	17	0.634696	18	-0.908384	19	0.643384	20	0.999869	21	-0.644977	22	0.99832	23	1	24	-0.872819	25	-0.637453	26	0.995245	27	-0.824778	28	-0.943239	29	0.0388359	30	-0.839427	31	-0.901328	32	-0.367035	33	-0.778524	34	-0.761722	35	-0.595907	36	-0.778755	37	-0.884784	38	0.506698	39	-0.758599	40	-0.818706	41	-0.502592	42	-0.850068	43	-0.724395	44	-0.671648	45	-0.635314	
