GRT_LABELLED_CLASSIFICATION_DATA_FILE_V1.0
DatasetName: harlequinPosABS
InfoText: 
NumDimensions: 45
TotalNumExamples: 138
NumberOfClasses: 30
ClassIDsAndCounters: 
517	6	NOT_SET
518	4	NOT_SET
519	4	NOT_SET
520	5	NOT_SET
521	4	NOT_SET
522	6	NOT_SET
523	4	NOT_SET
524	5	NOT_SET
525	5	NOT_SET
526	3	NOT_SET
527	6	NOT_SET
528	6	NOT_SET
529	5	NOT_SET
530	5	NOT_SET
531	4	NOT_SET
532	5	NOT_SET
533	5	NOT_SET
534	5	NOT_SET
535	4	NOT_SET
536	4	NOT_SET
537	6	NOT_SET
538	5	NOT_SET
539	3	NOT_SET
540	4	NOT_SET
541	4	NOT_SET
542	3	NOT_SET
543	4	NOT_SET
544	5	NOT_SET
545	3	NOT_SET
546	6	NOT_SET
UseExternalRanges: 0
Data:
517	230.009	152.424	2439.3	213.309	341.686	2493.29	202.505	533.797	2562.47	303.961	384.692	2370.55	524.54	474.304	2244.6	538.001	757.682	2339.28	122.657	298.68	2616.02	28.9733	321.993	2955.26	15.4236	595.311	3069.28	301.412	-10.8869	2311.26	242.21	-403.801	2187.65	233.692	-771.637	2060.09	192.005	-62.791	2459.39	129.924	-458.984	2348.16	78.6763	-836.63	2267.88
517	260.029	130.775	2418.4	253.282	326.155	2446.31	247.542	526.74	2482.06	362.857	346.055	2333.47	620.474	426.14	2271.27	676.622	700.652	2373.49	143.706	306.256	2559.15	-18.0315	351.42	2863.81	-71.337	598.858	3004.98	332.907	-52.5955	2322.4	253.771	-434.401	2177.23	236.859	-801.26	2047.52	200.647	-76.6145	2458.6	126.193	-464.219	2326.87	75.4076	-846.113	2269.76
517	261.686	128.707	2414.3	253.536	324.945	2435.26	243.765	527.979	2463.04	368.681	341.238	2327.51	617.175	418.084	2259.48	677.772	694.421	2357.81	138.391	308.652	2543.01	-27.0699	324.229	2837.43	-66.4778	580.892	2995.04	339.326	-57.6991	2328.31	253.039	-436.725	2179.68	234.122	-801.961	2045.76	200.348	-77.3643	2458.36	129.276	-464.941	2324.46	74.3375	-846.853	2271.35
517	262.997	130.63	2411.35	253.226	326.656	2433.55	241.886	528.952	2462.72	368.759	344.544	2326.45	619.768	420.388	2261.31	679.981	696.72	2360.64	137.693	308.769	2540.64	-35.7615	321.025	2841.43	-58.2385	575.847	2996.82	342.496	-54.6017	2324.51	252.395	-432.324	2174.82	236.275	-798.954	2044.37	203.043	-76.1931	2453.78	128.958	-464.155	2322.66	76.9124	-847.245	2275.73
517	235.259	148.607	2399.08	214.285	339.762	2444.04	199.291	533.076	2507.57	313.956	378.236	2326.95	507.113	454.304	2169.72	534.367	734.047	2248.19	114.615	301.288	2561.13	111.488	32.3264	2560.51	178.374	-227.933	2572.42	316.399	-19.3231	2283.44	234.28	-412.171	2173.41	230.919	-781.918	2051.16	196.065	-65.7734	2424.8	131.276	-463.706	2321.6	72.2959	-844.119	2262.8
517	234.83	143.814	2400.21	214.299	336.141	2440.14	197.624	530.74	2496.57	311.442	371.464	2319.97	505.297	446.608	2168.98	531.109	730.638	2240.32	117.156	300.818	2560.32	116.132	31.8394	2560.11	156.04	-234.088	2566.47	314.001	-27.1905	2287.73	235.506	-419.621	2173.55	232.693	-788.322	2048.1	196.721	-69.8355	2432.82	134.221	-468.614	2331.51	74.4942	-846.937	2260.99
518	104.595	96.5408	2268.66	112.688	302.877	2280.07	195.857	561.545	2421.51	3.14749	302.483	2364.91	-75.4603	121.902	2546.18	-279.583	-38.4214	2724.46	222.228	303.271	2195.23	434.245	178.733	2156.71	451.884	249.837	2362.03	71.7923	-109.884	2276.4	-1.92102	-448.106	2127.01	-210.796	-756.918	2013.99	121.214	-109.706	2238.12	155.071	-560.024	2161.43	95.8175	-935.356	2189.1
518	105.642	90.2892	2269.11	115.317	291.547	2272.76	198.218	562.444	2419.11	9.83748	295.072	2357.95	-69.8916	133.536	2551.47	-272.742	-27.7047	2740.63	220.797	288.022	2187.58	429.572	170.785	2147.35	450.409	241.621	2367.65	72.1982	-110.174	2284.66	5.56211	-442.239	2117.47	-205.995	-753.866	1993.47	119.735	-111.763	2246.26	148.226	-560.784	2179.78	101.632	-945.774	2214.48
518	144.739	77.0346	2246.07	150.406	273.185	2259.12	193.688	519.153	2399.48	3.93148	273.628	2316.07	-104.55	76.4606	2474.4	-242.636	-86.4725	2647.89	296.88	272.743	2202.18	609.026	219.334	2296.77	684.792	297.752	2463.73	67.7593	-118.901	2260.74	238.535	-502.502	2265.17	326.729	-863.922	2210.61	210.384	-119.332	2205.29	50.743	-461.369	2090.28	-117.121	-765.866	2018.44
518	126.092	160.667	2248.67	150.864	337.239	2324.49	200.986	514.743	2444.13	33.6597	310.823	2424.31	-47.5357	68.7707	2526.93	-171.432	-130.57	2670.55	268.069	363.656	2224.68	584.803	218.103	2259.79	709.481	303.844	2473.78	34.9788	-30.8578	2229.35	234.001	-416.982	2276.89	289.255	-796.714	2175.97	167.661	-0.952728	2116.36	16.2221	-390.454	2046.62	-207.219	-708.125	1994.31
519	-88.9262	220.466	2180.9	-52.5543	400.828	2254.42	-4.27021	576.224	2343.54	74.3169	414.588	2157.9	131.393	161.017	1990.95	371.358	231.707	2164.45	-179.425	387.068	2350.94	-302.653	139.715	2504.23	-259.028	-159.367	2511.43	-49.0244	48.3758	2049.35	-24.0214	-370.543	2035.53	-69.3766	-773.427	2032.56	-201.572	31.8311	2165.41	367.463	-117.773	2245.99	251.038	-532.445	2104.23
519	-108.884	225.246	2189.95	-68.6939	405.633	2261.43	-16.3785	581.776	2347.63	52.5252	419.532	2158.22	148.743	166.795	1993.72	384.739	253.821	2167.68	-189.913	391.734	2364.65	-313.48	148.454	2511.7	-260.79	-148.407	2500.31	-76.274	53.2072	2056.47	-29.2336	-363.207	2030.6	-79.3877	-765.456	2037.81	-221.874	36.5124	2180.45	360.48	-106.445	2247.13	246.287	-525.649	2100.59
519	-106.976	214.499	2182.52	-70.128	397.011	2250.32	-20.9043	574.904	2334.53	52.4833	410.132	2148.37	136.378	164.756	1990.35	376.323	248.45	2157.91	-192.739	383.89	2352.27	-299.213	133.584	2507.56	-288.757	-168.513	2514.42	-70.0808	39.8793	2053.4	-27.4499	-377.094	2027.63	-78.3914	-779.27	2032.57	-217.566	24.0962	2176.03	364.744	-111.805	2244.81	252.857	-528.63	2096.9
519	-22.2429	200.096	2263.14	12.1157	381.342	2335.55	57.8937	560.012	2416.05	-34.4807	445.65	2196.68	109.989	204.166	1990.73	368.456	254.948	2148.49	58.7122	317.034	2474.41	58.712	41.8734	2474.41	58.7209	-233.287	2474.4	-84.6087	57.5035	2107.27	18.1257	-348.279	2073.53	-53.3501	-746.54	2048.16	-28.5945	-19.8024	2274.2	326.716	-337.695	2292.75	218.881	-703.756	2155.82
520	63.9415	117.449	2415.17	38.491	305.217	2473.09	6.74074	506.887	2527.23	-103.374	266.492	2536.3	-201.903	31.5208	2537.89	-122.1	-25.5904	2280.98	180.355	343.943	2409.88	381.866	77.1378	2358.58	258.239	-125.265	2158.76	4.08549	-93.6062	2395.27	-64.8506	-461.267	2204.34	-28.4626	-861.149	2148.39	174.698	-47.0331	2319.25	179.334	-466.791	2307.69	266.35	-849.562	2409.09
520	65.0631	122.445	2427.41	43.7606	310.398	2486.47	15.6573	515.175	2541.65	-106.247	279.105	2531.95	-209.323	12.0919	2537.29	-134.372	-40.7879	2278.89	193.768	341.691	2440.98	372.581	72.0343	2371.39	254.067	-123.383	2163.17	-3.71652	-84.3005	2395.67	-66.1713	-456.19	2210.94	-33.0244	-856.777	2158.07	176.448	-46.7166	2341.04	174.997	-465.945	2316.23	262.525	-848.923	2416.27
520	61.2383	122.128	2433.64	38.1364	309.704	2493.27	8.27336	510.475	2548.99	-110.561	275.926	2541.91	-203.851	41.7539	2559.97	-153.751	-39.2515	2301.88	186.834	343.481	2444.63	370.122	77.012	2380.84	254.318	-124.838	2177.42	-5.07071	-85.7578	2403.26	-67.6367	-458.695	2220.63	-32.8369	-858.455	2162.76	173.751	-45.1375	2344.76	171.439	-463.925	2313.64	260.67	-844.99	2419.43
520	60.6621	121.444	2437.12	36.8544	309.517	2494.86	8.2223	510.496	2548.6	-108.347	273.739	2551.53	-210.269	19.4542	2522.62	-126.118	-46.8761	2270.36	182.056	345.296	2438.2	365.49	78.3593	2390.22	257.91	-123.18	2180.28	-2.89368	-88.1563	2413.48	-67.3366	-456.178	2221.74	-35.5553	-855.034	2156.41	171.833	-45.1027	2345.29	170.344	-463.716	2311.8	262.139	-842.23	2424.35
520	60.2955	115.519	2435.05	34.1661	304.91	2487.2	3.43862	508.652	2534.55	-105.933	267.005	2554.66	-209.363	12.3275	2542.22	-109.474	-23.5838	2288.36	174.265	342.814	2419.74	363.337	74.6078	2381.93	246.275	-121.814	2174.61	2.19155	-96.6609	2423.46	-66.8466	-461.105	2226.53	-33.656	-860.527	2165.4	170.658	-51.0817	2342.34	171.348	-470.303	2317.2	261.526	-850.605	2424.93
521	-42.7148	184.257	2255.9	-58.3097	376.215	2302.58	-71.4102	583.447	2352.3	-204.455	380.189	2237.41	-314.808	198.504	1958.27	-83.3721	208.015	1814.75	87.836	372.241	2367.75	230.32	61.615	2330.08	270.812	-88.6191	2060.49	-115	-5.31201	2170.04	-93.3815	-422.551	2127.41	-33.4008	-822.84	2150.86	60.7602	-10.0911	2248.41	97.4144	-335.743	1985.77	144.251	-675.909	1770.19
521	-44.4764	188.522	2255.92	-58.0593	381.069	2300.74	-69.9718	588.377	2347.15	-203.51	386.299	2234.19	-306.85	186.57	1957.31	-80.5291	200.591	1809.57	87.3918	375.839	2367.29	230.744	65.4836	2325	271.146	-104.562	2065.73	-118.354	-0.879883	2171.09	-99.0272	-418.472	2131.16	-34.1833	-818.021	2152.15	56.5675	-7.16934	2251.12	95.3234	-335.96	1992.72	140.608	-677.439	1778.92
521	-50.3342	192.768	2259.54	-59.0342	385.025	2306.82	-65.916	592.385	2355.61	-208.772	392.051	2250.68	-355.024	133.201	2068.14	-188.731	-40.8926	1881.05	90.7038	377.999	2362.95	226.462	62.1205	2329.84	269.226	-108.792	2075.07	-131.675	4.73547	2178.52	-95.6491	-411.02	2131.83	-32.0705	-810.876	2152.54	48.407	-3.71481	2246.03	98.5504	-334.744	1992.5	144.202	-676.192	1778.71
521	-59.889	161.431	2267.27	-67.9444	357.535	2294.64	-71.2306	570.032	2312.52	-220.088	358.213	2245.01	-334.659	116.608	2064.64	-153.579	127.297	1866.42	84.1987	356.858	2344.27	213.619	99.605	2346.79	263.798	-81.6712	2109.27	-143.322	-34.2661	2210.05	-101.501	-442.737	2122.13	-34.3215	-841.181	2154.67	39.6548	-35.081	2269.74	94.2449	-339.38	1985.49	141.839	-683.604	1776.63
522	-69.4332	111.42	2323.19	-29.4528	304.783	2338.2	22.7619	510.212	2341.71	-171.917	339.203	2274.24	-171.916	64.043	2274.24	-171.923	-211.117	2274.24	113.011	270.362	2402.16	145.273	89.6689	2682.49	140.703	-168.925	2525.4	-195.71	-61.0923	2269.44	-82.8499	-421.472	2086.34	-97.7964	-825.373	2117.42	-23.1175	-102.792	2346.93	290.202	-474.041	2285.99	144.55	-835.239	2173.49
522	-88.8438	119.689	2339.29	-39.2646	310.89	2354.7	22.9029	512.222	2353.94	-183.549	352.742	2299.63	-183.549	77.5822	2299.63	-183.555	-197.578	2299.63	105.02	269.037	2409.77	140.651	80.3064	2673.89	145.502	-191.011	2542.63	-225.2	-46.3411	2290.75	-72.5734	-392.104	2108.25	-87.9284	-795.83	2141.67	-51.6458	-96.6841	2357	299.518	-459.41	2309.84	161.794	-825.167	2202.33
522	-45.5321	130.975	2388.2	-25.705	327.295	2406.56	3.73531	536.81	2416.27	-126.198	348.921	2283.88	-332.625	166.17	2137.86	-132.765	30.6067	2018.41	74.7878	305.669	2529.24	157.535	77.1558	2658.27	141.635	-168.676	2535.68	-125.788	-52.3404	2296.06	-71.3761	-428.351	2117.1	-86.2049	-832.367	2147.63	-4.93082	-78.3486	2443.6	311.107	-468.09	2296.07	157.736	-832.56	2206.63
522	-46.0928	133.791	2381.32	-25.3117	329.623	2403.39	4.02547	539.653	2418.27	-134.128	354.103	2288.65	-331.862	168.704	2142.06	-137.362	30.8781	2016.67	83.5048	305.142	2518.14	164.627	66.3508	2674.39	166.931	-225.909	2604.36	-132.293	-47.323	2290.26	-75.9828	-426.841	2119.59	-93.5003	-830.729	2149.32	-1.45481	-76.7577	2428.23	307.519	-466.382	2295.88	154.838	-831.321	2207.31
522	-61.7546	104.417	2371.49	-23.2024	298.546	2381.08	28.3033	506.962	2380.78	-170.686	330.468	2327.72	-257.352	68.1113	2121.08	-22.1881	-71.1521	2152.33	124.281	266.623	2434.44	148.085	95.9387	2674.38	197.038	-198.698	2674.75	-188.986	-70.5171	2329.83	-69.849	-408.737	2111.32	-90.7274	-812.413	2142.12	-11.6275	-108.906	2394	309.666	-462.403	2296.64	160.911	-827.674	2202.94
522	-66.6003	106.499	2369.88	-25.2023	300.084	2378.59	28.1898	506.803	2375.91	-172.854	333.982	2326.99	-258.214	65.817	2122.44	-21.4876	-71.3541	2151.04	122.449	266.187	2430.2	148.983	107.481	2688.28	194.151	-187.116	2661.44	-196.793	-66.6999	2330.14	-72.0275	-405.639	2115.9	-92.1859	-809.614	2143.29	-19.2035	-107.471	2392.2	313.834	-471.796	2306.18	153.235	-827.621	2198.68
523	99.4333	155.523	2372.84	86.7074	352.685	2387.57	74.7107	566.93	2393.12	-68.7988	345.412	2350.56	-225.652	101.75	2201.68	-48.9569	-10.5193	2028.74	242.213	359.957	2424.57	436.134	384.446	2236.48	304.502	469.978	2016.01	18.6545	-46.0114	2335.86	-6.2147	-401.527	2113.81	1.70815	-797.751	2028.48	205.664	-37.2654	2380.36	193.601	-447.478	2291.28	214.906	-850.057	2334.14
523	97.2428	155.854	2372.04	85.5489	352.66	2391.96	73.6137	565.334	2403.74	-71.0417	346.656	2359.35	-224.978	109.469	2219.15	-59.721	-12.097	2044.23	242.139	358.663	2424.57	437.971	382.471	2231.57	303.157	470.693	2010.99	14.7747	-44.5625	2332.51	-1.81191	-404.851	2117.34	5.22557	-800.943	2031.15	203.099	-37.3427	2371.73	197.148	-450.958	2299.14	218.306	-853.56	2341.46
523	99.7483	159.351	2371.83	87.8265	355.663	2396.11	76.7311	567.637	2413.7	-69.5357	349.649	2367.47	-229.541	122.836	2239.62	-85.7235	-10.8498	2052.02	245.189	361.677	2424.75	443.044	378.808	2236.84	307.031	470.599	2017.84	17.0486	-40.5777	2330.32	-1.18753	-403.574	2119.97	6.40126	-798.57	2029.17	206.292	-33.3456	2364.77	197.96	-448.549	2302.36	219.877	-852.121	2334.4
523	97.268	163.303	2373.72	88.8813	359.858	2397.58	80.9564	571.194	2414.29	-69.0907	356.221	2372.01	-224.468	124.235	2238.7	-82.6886	-12.7722	2051	246.853	363.495	2423.15	442.401	381.701	2230.34	304.48	467.783	2009.93	10.6621	-35.4396	2334.49	-1.03936	-395.528	2118.67	4.53512	-791.708	2032.8	200.647	-31.0656	2365.24	196.899	-445.354	2296.49	219.466	-847.935	2338.72
524	83.7203	33.8936	2256.86	52.339	222.157	2310.2	19.626	417.713	2365.3	-55.7371	173.644	2417.84	-229.1	464.479	2447.86	-242.175	753.507	2334.71	160.415	270.67	2202.55	122.679	465.955	2142.65	-17.9491	668.964	2068.24	50.1138	-183.542	2268.24	84.9438	-600.713	2234.69	194.822	-966.278	2098.59	180.09	-125.198	2138.79	177.11	-490.062	1930.86	166.124	-825.6	1703.62
524	83.2253	33.4424	2257.06	52.4692	221.773	2310.53	20.2335	417.332	2365.9	-55.651	173.532	2418.25	-229.031	465.751	2449.44	-243.716	756.062	2339.1	160.589	270.014	2202.8	121.362	464.971	2142.83	-16.6071	669.519	2067.97	48.9665	-183.897	2268.37	84.8493	-601.329	2239.82	193.746	-963.603	2094.51	178.997	-125.88	2138.81	176.39	-490.451	1930.35	166.008	-826.753	1704.17
524	74.6764	68.139	2276.73	53.2635	254.288	2341.08	31.0584	447.699	2407.58	-47.7395	203.501	2454.39	-230.27	469.017	2454.17	-234.917	753.256	2334.1	154.266	305.074	2227.77	121.796	472.249	2137.23	-15.1686	675.202	2076.31	35.3541	-148.549	2280.53	72.837	-564.41	2236.69	183.657	-937.476	2125.49	156.825	-87.4708	2144.25	168.416	-458.724	1948.47	157.479	-795.699	1723.41
524	81.7015	0.646483	2263.73	54.8152	188.567	2320.6	26.5798	383.722	2379.46	-43.4232	139.291	2436.97	-220.313	458.149	2449.24	-233.698	749.245	2320.73	153.054	237.842	2204.23	131.425	463.101	2135.79	-10.1701	677.779	2072.88	49.5125	-216.906	2276.83	91.9987	-632.952	2238.82	204.197	-986.658	2075.98	167.663	-157.642	2136.87	171.269	-519.329	1923.46	152.809	-844.135	1681.54
524	79.8856	-7.31611	2261.35	53.395	181.386	2315.69	26.2033	377.433	2371.94	-48.1652	134.196	2430.05	-219.953	458.74	2444.46	-232.27	745.594	2306.97	154.955	228.576	2201.33	135.112	462.208	2131.46	-9.87767	675.006	2066.32	45.3056	-224.395	2275.78	95.4789	-638.768	2229.98	211.94	-994.986	2075.78	167.447	-167.641	2138.24	176.02	-528.776	1924.16	149.601	-842.978	1669.48
525	5.80007	164.129	2345.56	39.8672	357.177	2374.63	78.383	563.09	2401.51	-83.8671	393.303	2279.74	-293.928	179.151	2264.44	-294.833	-44.7526	2053.83	163.602	321.052	2469.53	385.535	70.5599	2460.21	498.165	-61.4031	2202.17	-102.672	-7.19618	2259.43	-99.3211	-374.196	2055.28	-162.26	-753.022	1925.3	46.1381	-50.6429	2373.56	72.4703	-468.753	2344.32	87.3735	-873.394	2364.13
525	5.175	146.734	2340.74	38.3597	341.295	2358.36	76.101	547.694	2369.15	-89.7005	371.394	2267.2	-288.059	181.139	2271.83	-302.603	-41.2902	2061.94	166.42	311.197	2449.53	390.672	64.0455	2456.95	503.218	-59.2958	2196.7	-105.009	-29.7302	2268.31	-100.36	-387.002	2047.7	-164.19	-765.774	1918.02	48.9898	-65.9253	2377.94	73.5687	-483.974	2346.39	85.9129	-889.075	2355.53
525	3.31263	138.048	2340.38	35.5682	333.2	2352.49	72.833	540.948	2354.19	-95.1156	360.284	2264.12	-295.822	176.845	2268.84	-292.443	-44.1551	2058.51	166.252	306.117	2440.86	393.462	65.3793	2458.18	500.394	-56.4509	2193.38	-107.526	-40.8181	2275.13	-104.953	-391.796	2044.53	-166.207	-770.372	1912.95	49.64	-73.3901	2381.41	74.8888	-491.098	2346.04	82.4324	-896.292	2354.58
525	3.49319	128.547	2337.79	34.148	324.296	2340.69	71.411	532.462	2329.38	-103.563	347.02	2262.4	-305.221	172.909	2265.95	-291.448	-45.719	2056.1	171.859	301.571	2418.98	389.729	65.9018	2460.53	503.091	-53.0869	2199.87	-109.964	-53.5387	2287.82	-105.388	-397.557	2047.03	-166.395	-776.249	1915.7	55.6406	-80.8659	2381.97	73.5239	-499.028	2347.81	86.071	-904.152	2357.15
525	-4.81435	123.319	2332.86	28.5277	318.657	2333.26	69.9761	525.532	2318.59	-115.082	343.305	2267.03	-312.442	168.098	2260.43	-290.8	-46.8001	2053.33	172.137	294.008	2399.49	384.719	67.3229	2461.64	495.55	-57.5909	2206.09	-124.514	-57.197	2292.64	-105.475	-394.61	2043.32	-168.054	-773.582	1913.6	48.2016	-86.8413	2372.29	70.2837	-505.32	2345.43	85.2103	-910.11	2360.46
526	-44.6971	179.208	2345.05	-54.2875	365.134	2412.96	-63.0701	565.332	2482.49	-212.461	349.937	2432.23	-303.934	95.9285	2191.65	-155.377	19.0418	1977.17	103.886	380.331	2393.69	201.217	106.207	2129.58	144.467	-57.006	1866.29	-130.221	-15.8571	2288.73	-135.549	-422.742	2184.83	-21.7652	-809.238	2139.58	60.0084	2.41972	2265.56	54.945	-388.886	2113.19	57.2076	-776.4	1994.04
526	-45.301	177.91	2344.04	-53.4625	363.754	2412.36	-61.1333	562.82	2482.66	-211.72	349.66	2431.8	-301.726	95.1147	2192.49	-159.529	17.0761	1973.2	104.795	377.848	2392.93	201.163	106.394	2135.82	144.026	-55.4893	1871.79	-132.304	-16.4085	2287.41	-129.841	-424.532	2188.58	-20.5887	-811.421	2136.23	58.0251	0.541718	2264.03	55.9174	-390.817	2111.74	59.6899	-777.153	1988.92
526	-50.3094	177.898	2344.61	-55.5388	364.244	2411.85	-60.7255	564.112	2480.35	-213.764	352.217	2432.88	-299.883	95.0023	2192.38	-144.535	15.3561	1962.63	102.687	376.27	2390.83	198.665	100.24	2136.45	140.87	-66.965	1878.53	-140.225	-15.6789	2290.02	-131.452	-423.73	2191.1	-22.4017	-810.339	2136.28	50.0656	-1.21512	2264.74	54.5588	-391.694	2110.21	60.7975	-778.777	1989.79
527	65.9081	51.1715	2085.41	78.7366	234.092	2057.7	102.23	493.436	2006.57	-78.4741	247.833	2075.64	-165.309	35.2729	1947.65	42.4656	-20.4735	1739.97	235.947	220.351	2039.77	387.954	24.8428	1919.75	262.321	-41.9615	1667.63	-35.791	-123.981	2123.25	-173.58	-500.995	2017.21	-134.403	-862.853	2102.93	141.95	-139.517	2102.97	282.099	-451.668	1895.73	398.243	-806.502	1877.32
527	66.2862	50.6051	2083.2	78.7155	234.934	2056.31	101.395	499.826	2012.28	-78.6485	248.204	2074.55	-166.594	34.5128	1948.9	32.5675	-24.9912	1735.85	236.08	221.663	2038.08	390.185	22.2144	1918.12	258.737	-40.4265	1661.75	-34.4459	-126.277	2120.31	-173.416	-502.407	2022.7	-129.68	-833.773	2081.02	142.16	-141.17	2099.84	282.459	-449.33	1888.5	399.186	-808.631	1873.42
527	64.3277	49.5073	2080.3	74.0604	233.888	2052.6	100.588	504.319	2019	-85.7477	245.383	2072.96	-163.271	29.8295	1944.3	36.6494	-29.2755	1733.36	233.869	222.393	2032.23	389.733	25.0988	1918.23	254.13	-55.6579	1657.77	-36.2204	-128.341	2119.57	-152.636	-551.937	2034.82	-120.612	-928.106	2139.35	145.411	-141.406	2096.42	283.542	-449.637	1886.54	366.249	-766.833	1834.04
527	64.1973	51.4152	2072.88	75.7043	235.177	2045.84	100.028	506.324	2020.15	-83.1199	248.203	2066.78	-150.586	23.4476	1938.04	45.8629	-28.3172	1741.24	234.529	222.152	2024.91	387.434	21.7844	1918.38	273.789	-42.9605	1657.25	-40.4902	-124.705	2112.2	-173.95	-509.775	2041.47	-156.932	-803.406	2033.18	145.871	-139.989	2087.63	287.416	-449.523	1890.24	374.95	-783.967	1866.08
527	64.8747	47.0876	2077.12	73.5486	234.285	2045	99.7058	506.715	2021.46	-87.2056	244.388	2060.46	-154.041	21.6086	1929.37	45.7628	-28.5711	1732.91	234.303	224.183	2029.53	386.188	22.3248	1923.6	258.24	-50.6402	1663.89	-38.4397	-134.162	2118.36	-171.618	-523.746	2049.9	-153.413	-809.143	2043.67	150.841	-146.058	2100.15	285.278	-442.784	1880.19	384.415	-754.462	1917.08
527	64.0293	48.8246	2072.31	76.6631	233.452	2046.33	100.848	505.198	2017.97	-82.1612	246.972	2065.17	-159.152	23.3672	1936.6	51.8973	-25.7591	1735.24	235.488	219.932	2027.49	388.194	20.9023	1920.18	265.895	-49.1037	1660.24	-41.4953	-127.896	2109.32	-144.264	-559.82	2036.27	-70.6989	-944.543	2219.67	144.286	-143.71	2087.28	288.079	-451.39	1887.32	393.477	-787.167	1898.68
528	-64.2721	94.0918	2218.12	-69.2356	274.397	2263.49	-74.184	584.398	2350.61	-223.28	263.415	2290.28	-310.027	-5.56348	2256.46	-404.079	-21.1259	1987.95	84.8088	285.379	2236.7	179.585	36.6546	2276.34	370.181	-179.253	2131.46	-149.875	-92.6704	2188.5	-153.699	-512.403	2116.4	-124.942	-926.617	2251.96	31.2583	-79.7571	2157	113.574	-472.189	2120.54	225.942	-844.111	2063.11
528	-66.2609	89.2111	2216.73	-72.7377	264.505	2258.53	-73.2815	582.736	2351.91	-228.006	252.988	2282.77	-293.099	8.95905	2256.65	-405.024	-11.2435	1982.34	82.5307	276.021	2234.29	183.484	18.0436	2273.28	369.302	-202.718	2136.85	-150.093	-92.7808	2189.04	-154.102	-511.798	2118.52	-124.746	-900.145	2276.85	30.5252	-79.3841	2160.84	114.847	-472.927	2117.24	218.975	-802.904	2071.37
528	-63.1723	87.535	2219.07	-64.956	269.762	2259.39	-69.1084	577.794	2367.44	-216.417	261.37	2290.62	-300.016	-1.34247	2263.37	-412.731	-22.7031	1990.59	86.5048	278.153	2228.16	188.791	24.3598	2273.37	370.506	-190.027	2149.61	-153.727	-99.8078	2197.8	-158.171	-536.218	2126.81	-125.343	-923.927	2212.23	30.9498	-89.5757	2159.72	113.437	-475.934	2121.09	240.387	-889.139	2144.91
528	-61.5369	83.5745	2219.95	-62.238	264.165	2259.95	-69.7294	576.284	2370.18	-216.93	256.645	2291.19	-304.657	-13.2031	2265.34	-414.671	-29.977	1985.67	92.4538	271.685	2228.7	188.736	27.9433	2280.39	368.693	-183.249	2153.68	-154.283	-101.558	2198.83	-157.515	-524.614	2122.57	-98.14	-953.446	2303.5	32.6111	-92.473	2161.08	111.856	-478.436	2123.12	168.375	-813.511	2127.82
528	-60.2308	81.1986	2221.51	-57.7665	260.177	2256.24	-71.1967	578.443	2375.38	-213.519	257.633	2280.4	-307.974	-16.8669	2282.46	-400.768	-34.1305	1996.37	97.9858	262.721	2232.08	188.118	30.3985	2274.54	364.468	-169.949	2144.63	-157.204	-99.3232	2201.44	-157.907	-526.296	2111.83	-108.136	-946.963	2263.95	31.8141	-96.2361	2172.12	113.793	-482.548	2130.26	190.247	-813.032	2107.53
528	-62.214	84.3198	2222.23	-60.966	261.621	2264.81	-71.2627	580.447	2374.67	-214.984	258.203	2283.56	-308.717	-10.3356	2275.46	-413.232	-23.9334	1989.29	93.0522	265.04	2246.06	186.559	18.7121	2283.23	361.783	-186.729	2160.46	-157.284	-95.0645	2191.08	-161.81	-512.374	2107.03	-98.5786	-906.598	2293.86	30.3601	-90.8994	2168.24	115.698	-482.41	2121.1	206.977	-870.579	2213.89
529	-83.0032	114.897	2223.44	-130.325	344.183	2264.41	-181.045	564.911	2302.82	-246.375	299.599	2379.88	-336.36	-5.9444	2355.75	-440.154	13.9351	2067.25	-14.2746	388.767	2148.94	196.032	177.756	2014.87	32.8042	-27.3446	1858.77	-110.708	-143.214	2257.12	132.717	-551.499	2251.86	462.004	-851.152	2148.34	39.3451	-85.5663	2107.82	-52.2404	-533.034	1976.09	-57.9575	-989.543	1956.12
529	-82.9573	113.584	2222.45	-129.636	343.044	2263.26	-179.034	563.559	2301.26	-245.512	298.872	2379.08	-329.818	-4.72687	2359.45	-437.298	9.86852	2073.18	-13.76	387.215	2147.45	197.006	179.434	2014.45	33.8085	-24.9704	1858.37	-111.193	-144.433	2256.52	134.472	-551.181	2243.69	463.233	-854.356	2149.41	38.6362	-87.3184	2106.76	-51.5186	-534.165	1971.92	-55.4632	-990.982	1958.32
529	-75.6091	111.911	2211.5	-121.747	341.763	2250.69	-170.617	562.984	2287.69	-241.055	298.605	2363.36	-319.243	0.87146	2362.88	-431.536	4.76154	2076.45	-2.43946	384.921	2138.02	199.753	184.368	2009.28	39.0102	-20.7537	1850.84	-106.605	-145.842	2245.16	135.494	-554.947	2244.49	468.932	-851.549	2145.62	47.6626	-90.0382	2099.47	-46.7777	-535.34	1962.56	-55.003	-992.027	1974.78
529	-79.0261	113.303	2208.27	-121.908	344.567	2242.52	-169.648	566.162	2274.82	-240.289	305.567	2357.65	-321.395	1.43451	2349.65	-430.773	6.4444	2063.34	-3.52726	383.566	2127.38	197.297	180.015	2000.28	32.1334	-26.2555	1847	-112.678	-143.175	2248.46	134.286	-549.089	2234.53	461.668	-854.988	2144.21	40.3897	-92.7482	2099.59	-48.4844	-538.463	1960.37	-53.7814	-995.205	1976.51
529	-75.843	112.617	2203.64	-120.932	343.778	2235.59	-169.046	564.651	2264.59	-240.671	304.711	2349.28	-327.93	0.182495	2346.08	-431.892	7.30272	2058.03	-1.19336	382.846	2121.89	196.654	180.496	1999.41	32.9109	-26.1443	1846.2	-108.166	-143.803	2245.21	136.079	-551.565	2238.54	464.486	-856.164	2147.46	46.659	-93.288	2098.19	-46.6309	-540.647	1967.3	-49.8215	-997.541	1973.22
530	91.0644	67.2387	2313.08	116.16	241.49	2378.78	104.288	536.945	2509.67	-24.5561	243.163	2428.09	-147.513	10.7605	2436.98	-405.392	45.9139	2255.69	256.877	239.817	2329.48	403.77	134.091	2201.5	499.049	438.584	2206.56	-18.2801	-106.011	2276.9	-71.1201	-494.029	2163.16	-76.1277	-840.737	2101.74	150.217	-108.014	2217.85	176.852	-526.048	2227.45	192.211	-915.624	2319.47
530	91.108	60.2869	2318.42	123.113	229.309	2385.09	102.732	537.232	2518.46	-13.5146	237.127	2430.86	-163.308	24.3452	2454.24	-407.622	42.5996	2254.27	259.741	221.492	2339.32	383.813	104.728	2208.24	489.047	401.37	2224.9	-29.2004	-103.683	2281.33	-80.6121	-501.874	2147.11	-76.6804	-812.1	2091.95	147.407	-113.788	2222.17	177.977	-539.084	2234.57	194.659	-925.734	2333.87
530	91.108	60.2869	2318.42	123.113	229.309	2385.09	102.732	537.232	2518.46	-13.5146	237.127	2430.86	-163.308	24.3452	2454.24	-407.622	42.5996	2254.27	259.741	221.492	2339.32	383.813	104.728	2208.24	489.047	401.37	2224.9	-29.2004	-103.683	2281.33	-80.6121	-501.874	2147.11	-76.6804	-812.1	2091.95	147.407	-113.788	2222.17	177.977	-539.084	2234.57	194.659	-925.734	2333.87
530	91.108	60.2869	2318.42	123.113	229.309	2385.09	102.732	537.232	2518.46	-13.5146	237.127	2430.86	-163.308	24.3452	2454.24	-407.622	42.5996	2254.27	259.741	221.492	2339.32	383.813	104.728	2208.24	489.047	401.37	2224.9	-29.2004	-103.683	2281.33	-80.6121	-501.874	2147.11	-76.6804	-812.1	2091.95	147.407	-113.788	2222.17	177.977	-539.084	2234.57	194.659	-925.734	2333.87
530	91.108	60.2869	2318.42	123.113	229.309	2385.09	102.732	537.232	2518.46	-13.5146	237.127	2430.86	-163.308	24.3452	2454.24	-407.622	42.5996	2254.27	259.741	221.492	2339.32	383.813	104.728	2208.24	489.047	401.37	2224.9	-29.2004	-103.683	2281.33	-80.6121	-501.874	2147.11	-76.6804	-812.1	2091.95	147.407	-113.788	2222.17	177.977	-539.084	2234.57	194.659	-925.734	2333.87
531	-128.884	108.944	2185.27	-221.423	305.602	2222.43	-319.592	496.404	2256.12	-332.213	234.687	2321.83	-461.845	-28.4324	2282.32	-613.822	27.2852	2047.47	-110.634	376.516	2123.02	171.735	210.492	2069.81	334.825	-14.4016	1908.38	-104.723	-131.481	2209.47	-127.878	-502.407	1972.13	-130.169	-924.259	1930.07	32.0354	-43.9446	2086.76	54.6254	-461.266	2227.44	314.128	-779.533	2121.83
531	-132.007	109.969	2186.23	-226.089	305.998	2222.83	-325.846	496.76	2256.19	-336.096	234.552	2322.72	-459.858	-33.1818	2284.66	-614.433	18.4668	2050.73	-116.082	377.444	2122.93	169.337	208.187	2070.72	337.33	-14.2603	1912.96	-105.821	-130.156	2211.3	-124.772	-500.403	1972.51	-130.955	-922.489	1933.25	29.9724	-41.9621	2087.98	53.6057	-457.948	2232.35	314.009	-773.391	2120.67
531	-140.163	109.517	2195.46	-233.249	306.275	2230.62	-333.107	498.776	2263.6	-343.173	236.227	2331.59	-460.486	-41.4986	2291.71	-616.388	12.6784	2058.83	-123.326	376.323	2129.65	169.544	205.651	2069.32	334.761	-15.6691	1906.14	-114.921	-130.475	2222.61	-131.953	-499.627	1982.02	-141.19	-920.555	1933	20.768	-44.0082	2097.98	53.9268	-461.227	2236.86	313.802	-778.641	2129.57
531	-146.41	112.09	2203.39	-232.254	313.395	2229.96	-324.658	508.588	2251.61	-343.559	252.073	2334.95	-465.473	-44.082	2289.61	-617.795	13.2417	2052.51	-120.95	374.717	2124.97	166.363	206.118	2071.93	332.221	-16.3359	1905.38	-129.271	-127.067	2241.62	84.951	-505.254	2218.01	333.016	-825.428	2103.53	8.1387	-51.3623	2112.01	-118.645	-460.612	2015.32	-120.697	-872.588	1928.88
532	-131.893	158.952	2240.92	-115.221	366.11	2314.47	-100.74	569.168	2389.28	-218.971	330.745	2437.59	-532.463	319.775	2320.99	-534.415	587.004	2216.62	-11.4707	401.475	2191.35	-91.3961	165.876	1950.29	-385.287	271.895	1929.55	-212.596	-70.032	2243.36	-41.2461	-472.937	2295.19	182.184	-819.23	2195.44	-84.5329	-26.3797	2091.38	-168.256	-452.701	2016.34	-162.804	-867.476	1928.48
532	-133.159	162.872	2244.22	-116.294	368.52	2321.91	-100.429	570.237	2400.84	-220.001	330.764	2444.37	-531.848	319.783	2314.79	-536.314	589.093	2217.01	-12.5865	406.276	2199.44	-92.9267	167.982	1947.29	-389.502	271.278	1929.17	-214.031	-66.0798	2242.12	-38.4191	-467.191	2293.93	183.638	-813.099	2189.94	-86.0165	-19.4743	2090.95	-162.564	-446.083	2009.79	-157.08	-860.736	1921.28
532	-134.125	164.621	2243.57	-115.962	372.288	2315.37	-101.097	577.615	2388.67	-221.24	339.157	2437.82	-533.96	321.032	2319.18	-538.756	588.616	2213.12	-10.6842	405.419	2192.91	-92.6774	168.685	1949.25	-391.529	270.043	1927.41	-217.264	-63.4927	2247.34	-43.1468	-465.518	2297.61	179.33	-812.63	2198.59	-87.3123	-22.5974	2096.19	-171.182	-448.139	2016.62	-159.168	-861.895	1924.64
532	-133.439	166.577	2243.69	-112.699	375.842	2309.95	-94.9659	582.301	2376.58	-212.802	345.421	2437.36	-539.228	321.11	2319.38	-539.233	589.081	2213.44	-12.5965	406.263	2182.55	-93.9774	168.105	1951.58	-392.391	270.599	1929.8	-215.955	-61.4627	2256.06	-43.3378	-464.982	2298.96	175.573	-811.31	2189.94	-92.4011	-23.9151	2098.81	-168.285	-449.808	2013.25	-156.04	-863.3	1920.12
532	-134.559	165.586	2244.19	-110.704	375.76	2306.41	-89.1393	584.274	2369.76	-211.357	349.364	2434.16	-546.166	319.75	2318.04	-539.404	586.4	2208.58	-10.0508	402.155	2178.66	-98.1328	163.604	1951.26	-392.573	270.659	1930.4	-220.55	-60.882	2260.82	-44.7629	-464.075	2291.58	178.372	-810.796	2192.7	-96.28	-28.2932	2103.1	-168.356	-453.703	2012.26	-155.782	-868.591	1925.69
533	55.6055	48.6146	2433.99	67.6323	225.438	2473.04	113.421	528.341	2577.34	-101.11	231.933	2495.6	-299.761	350.476	2413.25	-96.942	597.405	2307.52	236.374	218.944	2450.48	459.798	66.0416	2507.95	808.024	82.5106	2531.82	-49.7851	-124.616	2407.41	-130.769	-548.898	2354.79	-149.712	-934.353	2345.03	136.943	-131.802	2382.45	240.108	-536.249	2321.14	359.687	-892.464	2283.47
533	55.6692	49.4787	2433.09	67.8361	228.609	2471.97	115.687	529.484	2576.91	-100.291	234.991	2495.18	-303.144	350.033	2416.96	-98.6501	593.12	2302.8	235.964	222.227	2448.76	458.505	68.2664	2505.4	806.786	83.7782	2526.14	-50.2542	-126.093	2407.15	-131.792	-552.75	2341.01	-128.992	-974.904	2383.81	137.259	-133.211	2381.26	233.611	-540.921	2321.46	364.202	-900.107	2284.64
533	57.5383	46.4606	2431.27	70.88	224.946	2471.76	115.244	529.425	2576.57	-98.9167	232.89	2492.69	-304.791	341.416	2408.3	-94.3264	596.37	2305.59	240.677	217.002	2450.84	474.582	64.3026	2505.06	824.09	86.354	2527.93	-52.4485	-127.503	2402.68	-130.929	-557.192	2345.93	-152.339	-947.101	2376.14	140.842	-136.546	2378.86	234.402	-542.03	2327.38	370.721	-890.035	2294.39
533	55.5301	46.247	2430.19	66.6553	224.482	2470.61	112.776	530.123	2572.63	-105.68	230.325	2492.28	-306.827	342.636	2408.72	-90.7829	595.813	2300.39	238.99	218.64	2448.94	467.568	66.2637	2499.64	807.505	94.6167	2524.39	-52.5009	-128.703	2401.96	-130.792	-552.452	2345.56	-153.311	-905.655	2357.38	141.311	-135.273	2377.59	238.318	-541.422	2328.66	386.913	-918.935	2320.06
533	58.4874	50.9256	2432.88	74.2851	230.705	2473.45	111.533	531.961	2570.99	-91.8666	239.786	2497.9	-304.102	347.151	2418.09	-91.0485	596.052	2296.26	240.437	221.623	2449	463.217	60.5803	2496.71	826.589	84.5977	2527.34	-54.8498	-123.522	2406.66	-129.626	-538.46	2367.58	-119.248	-895.338	2333.48	140.229	-134.185	2377.95	247.185	-532.453	2314.13	376.399	-918.024	2303.43
534	-3.93221	-28.338	2275.34	-25.9946	187.639	2320.31	-47.1084	395.611	2363.38	77.209	171.25	2449.66	264.542	234.13	2499.56	258.487	-54.7941	2518.29	-129.198	204.028	2190.95	-339.961	208.211	2093.98	-387.629	436.985	2271.61	83.8244	-254.748	2312.72	152.692	-670.298	2174	218.912	-1069.87	2040.61	-47.5641	-233.882	2148.03	-102.708	-654.758	2019.41	-102.717	-1081.23	2019.36
534	0.0424756	-32.0969	2274.12	-21.9123	183.492	2321.03	-43.0724	391.088	2365.93	75.7618	164.445	2454.26	277.52	239.998	2500.37	255.534	-48.6044	2512.8	-119.587	202.539	2187.81	-338.613	209.611	2090.04	-388.989	435.076	2265.16	82.7488	-259.533	2310.06	152.282	-674.928	2171.08	219.142	-1074.35	2037.44	-38.7542	-235.839	2144.33	-107.656	-654.769	2016	-107.657	-1081.24	2015.99
534	3.97134	-30.5864	2269.37	-10.5278	185.897	2315.01	-24.2457	394.332	2358.87	91.3738	165.343	2444.87	272.962	258.13	2499.46	258.018	-31.2338	2509.47	-112.43	206.451	2185.16	-333.537	227.337	2084.47	-364.27	452.431	2269.33	79.4556	-259.371	2301.44	150.414	-675.764	2166.31	218.643	-1076.14	2036.37	-42.5146	-234.769	2146.01	-111.209	-651.674	2011.13	-111.209	-1078.15	2011.13
534	4.00315	-35.7584	2266.14	-15.1438	180.874	2309.35	-33.3219	389.443	2350.94	85.9508	163.666	2440.41	277.087	256.887	2498.48	257.234	-32.2631	2507.11	-116.238	198.082	2178.28	-330.643	225.829	2081.62	-359.782	451.041	2268.38	85.324	-262.974	2303.53	152.678	-679.508	2166.96	217.442	-1080.02	2035.64	-39.0238	-241.808	2142.32	-107.296	-660.539	2013	-107.296	-1087.01	2013
534	5.40967	-38.9545	2263.56	-13.4575	178.201	2304.32	-31.6269	387.202	2343.8	91.9612	163.349	2432.26	273.702	258.565	2501.06	257.532	-30.8657	2505.78	-118.876	193.053	2176.38	-336.605	235.96	2086.94	-357.716	453.86	2276.32	88.8271	-265.204	2301.15	155.459	-681.795	2164.35	219.528	-1082.36	2032.81	-40.2733	-247.016	2144.47	-107.673	-662.988	2006.1	-107.673	-1089.46	2006.1
535	-119.957	179.87	2145.64	-144.299	372.869	2252.11	-172.035	562.163	2349.94	-268.59	307.816	2341.61	-391.369	12.9378	2416.92	-546.973	-41.4806	2182.89	-20.0071	437.921	2162.6	11.7879	166.364	1881.81	-195.998	21.4346	1674.34	-172.05	-53.1329	2094.22	-8.01459	-438.845	2239.03	267.601	-756.036	2166.36	-19.1807	26.8763	1984.13	-146.196	-397.891	1994.47	-91.4718	-820.718	1986.86
535	-120.096	179.723	2147.12	-145.298	374.047	2250.9	-173.896	563.137	2344.92	-268.873	309.484	2341.78	-391.168	12.4643	2416.46	-546.222	-41.9882	2182.76	-21.7234	438.61	2160.02	12.3989	166.195	1879.9	-195.725	21.0158	1673.74	-170.869	-54.2955	2099.21	-10.9558	-437.896	2253.64	264.449	-755.369	2181.32	-18.9188	25.0921	1987.46	-150.72	-397.939	2004.62	-96.569	-820.812	1994.73
535	-121.736	181.079	2150.46	-147.055	376.444	2252.26	-175.737	565.493	2344.15	-271.162	312.973	2343.2	-395.188	11.4484	2410.32	-546.49	-39.2125	2167.74	-22.9477	439.915	2161.31	12.6123	159.551	1883.44	-195.959	20.1972	1676.03	-172.728	-53.3132	2104.57	-12.7836	-439.409	2252.96	261.197	-756.797	2175.07	-20.1073	24.7403	1992.74	-150.858	-399.005	1999.87	-98.5621	-822.243	2001.1
535	-131.634	175.611	2160.29	-153.496	372.522	2259.88	-178.018	564.939	2351.93	-274.703	310.605	2355.7	-389.003	15.6492	2422.1	-531.578	-56.9323	2195.07	-32.2892	434.439	2164.07	9.28633	157.969	1881.47	-197.617	15.9731	1676.75	-184.296	-59.3694	2119.61	-9.55107	-441.913	2260.32	262.059	-758.405	2171.29	-35.2467	16.7706	2001.79	-158.859	-409.152	2001.23	-100.073	-831.505	2003.43
536	29.3398	89.3867	2331.87	1.83307	302.265	2387.57	-32.1948	512.812	2434.3	-156.008	270.77	2429.99	-239.864	-33.2089	2308.83	-313.927	-72.6765	2030.83	159.674	333.761	2345.16	412.18	171.375	2407.45	306.484	-65.8709	2270.33	-40.2072	-142.858	2302.25	-103.788	-551.88	2143.04	-261.416	-877.883	1918.01	153.9	-104.126	2250.08	195.357	-545.652	2250.52	217.289	-966.096	2315.49
536	28.9659	90.2032	2331.56	2.22672	303.277	2386.91	-30.6326	514.496	2433.76	-155.938	272.567	2428.72	-241.695	-34.2788	2306.96	-312.718	-72.8847	2029.92	160.392	333.988	2345.09	413.874	171.65	2408.34	306.214	-63.3632	2268.93	-41.5451	-141.754	2301.92	-102.315	-552.661	2146.47	-263.204	-876.515	1920.49	152.955	-103.988	2250.5	196.975	-545.269	2255.91	217.407	-968.076	2306.03
536	27.9184	92.9279	2334.42	0.904102	306.22	2388.77	-33.3846	518.293	2434.75	-156.324	274.895	2433.55	-242.853	-30.7787	2310.83	-312.974	-77.9336	2033.53	158.132	337.545	2343.98	407.599	172.313	2406.28	310.07	-68.6411	2269.61	-41.7418	-139.624	2307.61	-99.9028	-549.705	2149	-260.574	-873.75	1923.1	151.607	-101.103	2252.54	201.016	-541.748	2261.48	212.357	-965.591	2306.24
536	29.1917	92.4862	2333	1.66574	305.6	2387.77	-32.9325	517.903	2433.99	-156.625	274.598	2428.85	-246.722	-33.1108	2305.65	-314.763	-74.2181	2025.49	159.956	336.603	2346.7	413.707	171.907	2411.2	308.819	-62.7679	2269.2	-40.6043	-139.689	2303.47	-99.9029	-550.127	2146.22	-260.693	-877.192	1924.82	154.04	-101.567	2252.97	197.868	-542.882	2257.24	217.748	-965.624	2309.36
537	53.0632	170.815	2241.68	72.7507	374.111	2328.04	93.2154	568.445	2417.8	-69.0864	352.048	2412.31	-268.51	464.117	2526.98	-78.0227	672.151	2472.82	214.588	396.175	2243.76	386.594	563.032	2175.58	220.015	709.208	2412.55	-53.8363	-46.0475	2207.14	-14.7821	-484.64	2260.14	-67.1931	-904.236	2204.92	120.588	-18.915	2103.5	229.197	-445.41	2048.71	333.764	-839.73	1924.66
537	48.904	168.573	2242.25	68.5546	372.197	2327.86	88.7485	566.479	2417.45	-72.8147	350.079	2412.92	-273.719	454.586	2529.93	-85.2388	666.472	2477.93	209.924	394.315	2242.81	389.362	560.188	2168.67	219.067	705.255	2404.15	-57.6708	-48.6519	2208.93	-15.1943	-487.371	2258.17	-70.1351	-906.732	2203.66	116.178	-21.4522	2104.34	226.392	-446.935	2044.91	334.562	-841.312	1923.98
537	50.8055	169.481	2243.35	70.3415	373.063	2329.1	90.3463	567.523	2418.29	-69.8184	349.969	2415.86	-264.761	468.382	2527.54	-71.0365	675.575	2487.7	210.501	396.157	2242.33	389.416	563.058	2165.89	219.12	718.016	2393.28	-54.9149	-48.3009	2210.96	-14.2908	-487.203	2260.18	-67.4155	-907.041	2207.7	117.454	-19.8997	2104.26	229.732	-444.982	2045.87	333.753	-840.54	1925.2
537	51.5435	162.958	2241.35	71.9876	366.49	2327	92.1147	559.465	2416.93	-66.9405	343.135	2415.66	-270.371	458.674	2528.87	-80.1355	668.516	2478.42	210.916	389.844	2238.34	387.285	560.125	2164.04	218.668	712.271	2398.95	-54.323	-54.9326	2210.21	-10.3331	-493.731	2257.44	-69.7466	-912.361	2202.06	116.522	-26.2128	2101.19	229.248	-451.311	2043.8	333.633	-846.083	1921
537	51.6683	167.002	2245.26	71.9311	370.84	2330.23	92.3753	565.554	2417.86	-67.9352	348.314	2417.63	-266.08	465.232	2532.56	-74.7968	674.758	2486.01	211.797	393.365	2242.83	386.78	560.497	2168.89	217.854	712.617	2398.78	-54.5944	-50.6866	2214.04	-13.1099	-489.777	2260.78	-69.2161	-908.943	2205.93	117.406	-22.986	2106.56	228.161	-448.132	2045.88	335.284	-842.767	1924.91
537	50.1867	166.572	2249.91	70.9471	371.325	2332.52	91.4485	567.55	2417.96	-67.4718	349.149	2422.27	-272.557	452.632	2534.79	-88.2325	666.672	2479.79	209.366	393.501	2242.77	387.963	559.573	2171.06	218.611	710.136	2403.81	-55.6856	-51.817	2222.48	-11.4951	-491.016	2265.54	-70.3306	-908.633	2202.3	114.538	-24.5452	2112.11	230.592	-448.18	2050.67	333.313	-840.504	1918.87
538	122.752	-464.738	2249.7	-23.3224	-313.214	2179.96	-163.194	-159.402	2118.89	-133.495	-368.044	2291.6	-149.282	-643.347	2330.68	-139.123	-739.971	2056.2	86.8503	-258.383	2068.33	310.245	-529.907	1936.7	113.258	-341.033	1980.23	201.083	-649.977	2388.08	201.076	-1093.51	2388.08	201.012	-1519.98	2388.15	336.569	-582.549	2250.8	326.029	-1023.27	2202.06	283.796	-1444.13	2147.58
538	120.212	-463.839	2247.53	-25.2824	-309.861	2181.99	-162.312	-152.742	2124.82	-132.503	-361.8	2297.99	-150.01	-640.424	2328.13	-138.752	-743.93	2055.78	81.9383	-257.923	2065.99	301.807	-510.303	1936.53	106.201	-317.731	1995.43	199.778	-649.753	2384.4	199.774	-1093.28	2384.4	199.728	-1519.76	2384.45	331.633	-585.882	2241.74	326.06	-1028.68	2216.79	294.908	-1452.16	2177.22
538	111.013	-468.34	2239.58	-30.4729	-307.192	2183.41	-163.917	-143.596	2137.19	-136.788	-359.89	2300.04	-144.37	-638.988	2336.57	-140.012	-743.545	2064.13	75.8417	-254.494	2066.79	301.531	-513.321	1936.47	104.659	-321.336	1991.47	187.127	-661.891	2367.45	187.126	-1105.42	2367.45	187.099	-1531.89	2367.48	317.869	-597.085	2224.03	316.003	-1040.54	2215.85	297.386	-1465.97	2192.6
538	110.916	-466.801	2245.19	-31.1453	-306.53	2187.71	-163.256	-144.024	2140.05	-140.313	-363.182	2299.56	-148.678	-634.245	2329.53	-134.533	-747.129	2060.79	78.0226	-249.878	2075.87	315.839	-528.098	1931.84	112.964	-333.191	1984.47	185.853	-661.906	2371.45	185.853	-1105.44	2371.45	185.84	-1531.91	2371.46	320.104	-592.238	2233.9	319.709	-1035.77	2232.19	310.73	-1462	2221.12
538	110.793	-468.605	2243.16	-30.9691	-307.84	2186.29	-163.692	-145.521	2140.44	-137.675	-360.92	2302.21	-147.925	-635.984	2329.34	-135.762	-751.674	2061.7	75.7365	-254.76	2070.36	293.715	-495.508	1935.95	94.0285	-304.818	2002.19	186.943	-662.007	2371.32	186.943	-1105.54	2371.32	186.933	-1532.01	2371.33	318.166	-596.732	2228.76	317.913	-1040.26	2227.66	310.629	-1466.58	2218.7
539	-30.5366	127.539	2291.34	-85.6447	330.641	2361.27	-141.826	526.336	2433.31	-245.836	285.633	2365.75	-287.807	-6.80719	2282.47	-501.497	-45.3688	2046.45	74.547	375.648	2356.79	294.54	150.924	2466.28	381.046	-118.091	2313.02	-73.9253	-103.237	2224.15	-127.559	-542.799	2249.14	-202.551	-958.355	2189.63	123.068	-47.8893	2218.65	177.565	-479.683	2133.26	287.837	-888.624	2084.16
539	-31.1963	126.59	2291.07	-85.6212	329.664	2361.62	-140.796	524.927	2434.27	-246.083	285.518	2364.91	-287.694	-7.93738	2282.11	-501.561	-45.7902	2047	74.8408	373.811	2358.34	295.152	151.217	2465.35	380.084	-117.619	2313.83	-75.4363	-103.629	2222.53	-129.526	-542.903	2251.28	-206.031	-958.05	2190.9	121.893	-49.3398	2218.49	178.434	-481.154	2134.53	283.694	-891.786	2088.54
539	-34.2238	127.179	2290.43	-88.6013	330.328	2360.81	-144.207	526.574	2432.12	-248.799	285.469	2366.52	-287.607	-8.32721	2282.54	-500.588	-45.3355	2045.54	71.5968	375.187	2355.1	294.244	151.346	2462.66	377.008	-116.789	2306.05	-78.3487	-103.552	2223.56	-129.041	-543.405	2249.31	-203.781	-959.216	2191.64	118.656	-48.3869	2216.54	179.753	-480.297	2136.35	284.662	-890.455	2085.72
540	-37.4842	92.8389	2316.89	-73.1089	302.223	2380.67	-109.9	510.136	2432.77	-235.496	269.568	2397.17	-392.092	-57.7939	2369.5	-170.169	-42.0121	2183.57	89.2781	334.879	2364.17	294.75	151.658	2411.07	222.668	-91.0938	2269.83	-101.706	-136.624	2263.26	-154.92	-576.823	2273.3	-197.015	-991.881	2185.28	97.9873	-96.4668	2242.97	160.376	-525.616	2150.02	291.752	-924.414	2075.72
540	-37.664	92.4666	2317.24	-72.1977	302.029	2381.04	-109.226	510.33	2433.76	-234.745	270.204	2397.59	-387.274	-64.6563	2360.43	-162.225	-43.8827	2178.85	90.3496	333.854	2364.48	300.54	149.22	2414.76	219.896	-88.1455	2269.09	-103.077	-136.665	2263.62	-157.339	-576.773	2271.5	-194.586	-994.374	2194.9	96.8164	-97.5275	2243.26	158.278	-526.855	2150.54	291.409	-925.121	2076.85
540	-34.4659	87.6683	2322.82	-69.6737	298.157	2383.09	-106.782	506.377	2433.18	-231.994	265.888	2400.96	-338.224	-67.5311	2300.64	-91.481	-25.7267	2154.35	92.6471	330.426	2365.22	307.14	153.643	2424.33	223.53	-81.6874	2276.99	-99.0655	-142.661	2273.54	-156.956	-582.359	2278.35	-198.463	-996.785	2187	100.549	-102.979	2251.56	160.909	-531.108	2152.69	294.82	-928.977	2078
540	-38.3014	90.691	2322.94	-70.5663	300.674	2386.48	-105.449	508.721	2440.75	-233.216	270.221	2404.53	-342.98	-68.5441	2311.12	-99.9164	-29.7151	2157.85	92.0832	331.127	2368.44	311.421	153.972	2427.68	220.112	-76.715	2277.9	-106.047	-138.017	2270.5	-157.755	-578.482	2275.29	-190.405	-991.353	2173.86	93.9746	-100.567	2248.31	161.111	-526.664	2145.21	299.919	-923.682	2075.51
541	92.3138	107.696	2306.73	151.374	315.733	2355.83	214.889	520.613	2400.68	34.1121	373.358	2252.7	-10.4215	106.945	2037.99	234.813	-71.8445	1983.64	268.635	258.107	2458.95	356.993	-19.8217	2521.91	563.586	-170.892	2334.96	-38.8446	-64.9089	2194.23	-128.511	-488.836	2288.85	-219.972	-890.991	2397.33	105.353	-135.771	2321.04	194.929	-534.089	2147.84	222.57	-944.104	2033.89
541	90.3707	107.361	2305.97	150.711	314.784	2356.08	215.188	518.594	2401.61	33.9282	373.639	2253.1	-10.0706	108.495	2041.26	234.818	-71.7199	1984.72	267.494	255.93	2459.06	356.023	-19.2354	2520.98	562.669	-169.296	2332.93	-41.7772	-63.8731	2192.53	-129.87	-488.486	2285.58	-221.547	-891.035	2392.42	101.838	-136.25	2319.17	192.37	-535.186	2147.82	218.622	-944.619	2031.51
541	95.1336	103.56	2312.93	156.789	311.435	2359.45	222.294	515.746	2402.18	42.0829	369.157	2253.55	-9.35013	112.218	2044.94	234.941	-73.3075	1990.28	271.495	253.714	2465.36	361.409	-17.6712	2528.25	561.349	-167.976	2333.23	-37.0525	-68.8231	2201.3	-125.916	-493.354	2293.95	-218.203	-895.982	2399.96	104.009	-139.807	2331.54	197.395	-537.382	2158.54	225.798	-943.507	2031.58
541	93.116	104.203	2308.89	154.703	311.589	2357.65	221.791	516.156	2401.52	38.4817	370.459	2254.04	-2.97063	106.556	2037.61	247.614	-74.521	1987.3	270.925	252.718	2461.25	365.8	-24.0427	2527.33	561.904	-176.875	2328.5	-39.9319	-66.9857	2196.44	-128.421	-491.923	2287.56	-218.233	-894.023	2397.64	102.99	-139.38	2323.84	195.164	-535.35	2146.58	221.515	-945.142	2031.6
542	-74.6218	113.763	2396.92	-79.1457	292.223	2528.46	-80.2973	468.435	2656.2	-202.905	356.174	2437.44	-349.768	449.448	2171.03	-249.56	735.936	2258.96	44.6135	228.271	2619.48	197.813	-60.7094	2490.76	475.326	-202.161	2395.31	-146.21	-25.3667	2209.41	-169.558	-438.654	2050.22	-146.954	-811.737	1844.91	6.014	-104.027	2321.36	-60.8454	-536.624	2392.56	-144.605	-946.082	2474.33
542	-71.7365	111.434	2398.12	-76.0046	292.137	2526.57	-75.6738	471.691	2651.35	-194.813	357.795	2430.25	-349.746	436.96	2172.1	-253.79	725.988	2242.71	42.8039	226.478	2622.89	190.896	-59.0909	2494.92	465.438	-202.198	2399.47	-140.519	-28.8987	2210.45	-175.625	-441.163	2050.75	-155.594	-814.849	1846.24	5.58192	-109.64	2328.9	-65.7853	-542.003	2397.21	-151.166	-953.698	2466.91
542	-69.9998	102.105	2394.38	-72.5334	284.611	2520.32	-71.9051	464.892	2642.23	-189.861	350.525	2422.45	-348.301	450.311	2173.23	-243.792	741.133	2257.72	44.7941	218.697	2618.2	188.847	-69.3575	2491.99	462.462	-207.21	2387.73	-139.62	-39.8641	2208.24	-183.397	-451.585	2049.36	-160.121	-821.802	1839.25	4.68756	-120.936	2328.62	-75.0389	-554.304	2378.5	-162.223	-960.716	2473.19
543	-46.8484	-159.449	2114.7	63.9284	-51.9778	2047.24	217.306	73.7941	2054.31	-2.28352	-45.4658	1948.89	-131.714	-267.604	1874.47	87.7197	-472.661	1905.5	130.14	-58.4898	2145.6	109.564	-283.18	2262.78	201.219	-590.973	2084.04	-215.377	-261.241	2096.37	-115.617	-409.277	1841.16	-212.827	-713.852	1837.09	-99.8731	-272.601	2267.95	78.7466	-520.329	2233.06	56.9489	-853.375	2307.71
543	-49.5582	-149.413	2128.24	66.5064	-51.6836	2060.5	217.671	73.8132	2051.37	-7.93307	-24.1101	1972.74	-134.02	-243.85	1881.87	91.9358	-451.444	1914.44	140.946	-79.2571	2148.26	116.351	-300.845	2253.32	209.485	-606.515	2077.51	-235.503	-221.257	2113.59	-78.0291	-372.632	1813.72	-195.356	-709.448	1819.57	-95.743	-273.026	2278.37	35.0309	-599.94	2323.53	43.0961	-850.565	2334.12
543	-41.8118	-159.233	2123.47	63.7977	-53.2101	2054.5	224.454	80.6732	2058.26	-9.20926	-42.4175	1959.3	-131.971	-253.872	1877.75	94.1187	-467.953	1904.3	136.805	-64.0026	2149.69	113.933	-278.871	2260.73	203.945	-585.993	2087.86	-209.452	-256.085	2111.56	-118.188	-472.054	1831.82	-206.004	-707.555	1829.96	-85.3907	-274.425	2273.33	30.7123	-662.963	2303.49	53.7332	-841.118	2316.84
543	-54.9136	-151.429	2119.3	60.6598	-68.0021	2044.4	227.373	78.6438	2056.16	-22.0931	-39.3482	1948.63	-115.808	-265.234	1879.52	91.8319	-468.77	1908.76	143.413	-96.6561	2140.18	122.703	-297.155	2247.87	217.591	-598.091	2079.13	-235.403	-212.378	2119.06	-99.1487	-393.81	1819.33	-181.313	-730.305	1848.79	-105.571	-257.334	2269.33	30.243	-622.926	2308.33	55.4241	-822.033	2302.46
544	-53.9472	24.8547	2222.43	-60.5171	206.704	2273.64	-6.80322	520.32	2483.33	-194.412	211.906	2237.98	-353.456	37.8333	2126.27	-164.439	-6.38578	1907.06	73.3783	201.502	2309.29	123.236	65.3958	2490.39	384.253	-82.4395	2383.55	-128.119	-153.858	2149.73	-136.891	-586.474	2105.08	-85.8893	-952.016	2192.7	33.3645	-160.132	2192.73	111.074	-556.634	2178.97	147.478	-929.766	2234.22
544	-68.0336	3.49046	2188.68	-79.8235	169.999	2208.18	-24.9817	498.414	2489.52	-244.171	152.935	2254.52	-396.595	-9.22891	2099.87	-183.77	-67.2844	1892.22	84.5244	187.063	2161.84	138.027	177.861	2451.2	407.589	-28.8498	2441.97	-145.168	-172.251	2194.25	-138.256	-602.046	2134.2	-106.141	-960.269	2299.21	32.681	-153.785	2144.11	107.415	-546.713	2117.95	135.778	-919.432	2200.47
544	-75.0727	27.4162	2209.33	-90.6913	205.941	2245.34	-24.8166	502.387	2485.9	-234.751	193.358	2245.24	-357.405	28.4041	2082.92	-159.223	-26.7348	1883.56	53.3682	218.524	2245.44	92.733	133.509	2470.66	366.355	-66.8484	2447.99	-141.706	-158.293	2173.26	-131.111	-569.176	2102.19	-110.31	-950.598	2237.89	22.7982	-143.924	2173.37	98.2882	-531.298	2149.29	135.581	-921.38	2216.62
544	-66.0445	35.1524	2209.43	-76.8058	222.526	2251.25	-33.0735	504.438	2479.21	-207.53	219.648	2230.5	-342.42	55.6395	2093.59	-131.681	-2.23464	1890.79	53.9182	225.403	2271.99	82.4882	94.9689	2469.84	356.83	-92.5993	2413.03	-139.511	-154.075	2154.24	-126.543	-564.788	2085.68	-97.6738	-947.757	2191.8	28.9447	-150.367	2180.97	107.64	-548.126	2149.73	140.003	-900.864	2172.28
544	-56.9985	34.6836	2224.42	-58.6055	224.682	2283.19	-28.9974	512.919	2482.78	-177.796	239.53	2231.94	-338.513	72.2506	2108.72	-132.685	7.13566	1914.05	60.5854	209.833	2334.45	98.831	48.2839	2473.11	356.655	-108.336	2399.98	-131.213	-145.869	2133.04	-121.647	-548.613	2060.53	-93.0682	-902.065	2159.83	20.4302	-164.76	2198.25	99.7288	-558.03	2173.44	148.144	-925.38	2195.75
545	105.923	115.871	2318.44	64.9701	315.691	2370.75	16.2898	523.517	2416.94	-35.2751	267.902	2474.82	-229.372	37.6214	2544.88	-251.058	0.424332	2266.83	165.215	363.479	2266.68	233.977	87.745	2041.69	146.514	-121.426	1811.93	80.957	-115.372	2334.56	43.5931	-540.369	2305.5	84.1421	-920.794	2239.69	212.793	-52.5243	2197.7	208.439	-459.086	2065.22	265.467	-829.178	1962.81
545	105.768	118.198	2320.67	65.2973	317.83	2374.01	16.5614	527.71	2423.68	-35.2457	269.751	2477.66	-222.423	33.7042	2547.24	-248.767	-3.1159	2268.01	165.84	365.908	2270.37	236.117	87.8407	2043.96	149.454	-122.621	1816.49	80.1251	-113.05	2335.47	40.9943	-537.73	2304.54	81.8655	-917.199	2233.79	212.353	-49.8193	2199.17	206.959	-456.575	2067.35	263.773	-824.967	1958.93
545	105.977	119.167	2327.23	67.5123	319.887	2377.96	20.4475	530.692	2423.53	-34.8774	274.267	2480.83	-210.466	43.0236	2551.55	-242.005	-8.92053	2271.09	169.902	365.507	2275.1	234.877	83.7529	2043.61	150.432	-128.131	1815.34	77.0891	-111.562	2344.17	48.4358	-537.332	2316.81	84.468	-916.045	2239.7	211.793	-51.5439	2208.84	205.659	-456.66	2072.07	264.137	-824.93	1964.08
546	17.9436	116.951	2423.4	30.9404	304.422	2518.4	47.9983	507.881	2605.51	-113.368	333.825	2480.12	-121.431	143.274	2205.54	185.546	166.298	2209.38	175.249	275.018	2556.68	229.971	57.6454	2348.74	-41.8909	56.8632	2238.9	-89.9378	-51.1856	2303.23	-142.05	-475.527	2304.16	-208.969	-848.245	2219.3	99.8316	-89.852	2353.57	131.122	-514.581	2315.08	243.509	-879.85	2247.04
546	20.3463	119.228	2423.57	33.5407	306.766	2518.42	50.6853	510.631	2604.45	-110.8	336.232	2480.24	-122.729	143.07	2205.45	184.333	161.403	2201.99	177.881	277.3	2556.6	229.162	57.2936	2345.62	-41.9564	54.6419	2233.76	-87.7549	-48.9352	2303.61	-139.108	-473.391	2299.92	-206.591	-847.02	2219.11	102.059	-87.6838	2353.82	134.824	-512.617	2318.93	243.859	-878.999	2251.53
546	18.7382	118.58	2422.59	32.0003	306.329	2517.01	49.7098	509.935	2603.44	-112.643	335.357	2479.61	-126.908	144.681	2202.61	182.724	161.936	2201.25	176.643	277.301	2554.42	215.88	59.9745	2333.07	-58.4482	54.7163	2229.47	-89.6356	-50.0817	2303.58	-140.107	-474.691	2299.35	-207.349	-849.094	2221.9	100.588	-88.2565	2352.76	131.573	-513.094	2315.47	245.307	-878.824	2252.62
546	19.9131	118.932	2423.35	33.336	306.48	2518.15	51.2891	509.93	2604.12	-110.598	336.577	2478.99	-137.973	142.917	2207.9	172.294	151.565	2200.43	177.27	276.382	2557.31	221.603	60.6999	2339.71	-50.8014	55.3503	2231.1	-88.1702	-48.8211	2302.79	-135.325	-473.795	2300.01	-205.445	-848.109	2224.95	101.15	-88.4092	2354.3	136.65	-513.262	2321.44	241.485	-880.165	2250.66
546	16.0441	117.676	2420.05	30.9564	305.338	2514.4	49.8831	509.284	2603.04	-114.09	334.721	2478.88	-142.452	143.077	2209.59	166.457	148.319	2196.22	176.003	275.956	2549.91	224.1	41.8828	2340.23	-47.3163	57.7516	2230.36	-94.2455	-50.6654	2302.34	-138.474	-475.97	2299.47	-207.476	-849.546	2219.76	96.5092	-89.3071	2349.05	133.878	-514.075	2317.06	243.147	-879.797	2246.39
546	16.8301	117.972	2427.31	31.8854	307.197	2518.45	50.579	510.707	2604.22	-113.058	336.189	2482.2	-126.607	143.002	2202.99	182.164	158.858	2199.83	176.829	278.206	2554.7	221.666	44.7129	2336.15	-55.4853	34.9608	2240.98	-93.5348	-52.1901	2312.34	-140.667	-477.12	2304.54	-208.029	-850.279	2221.62	97.0843	-90.3172	2360.01	132.756	-514.455	2319.24	242.466	-881.356	2255.85
