SVM_MODEL_FILE_V2.0
Trained: 1
UseScaling: 1
NumInputDimensions: 45
NumOutputDimensions: 0
NumTrainingIterationsToConverge: 0
MinNumEpochs: 0
MaxNumEpochs: 100
ValidationSetSize: 20
LearningRate: 0.1
MinChange: 1e-05
UseValidationSet: 0
RandomiseTrainingOrder: 1
UseNullRejection: 0
ClassifierMode: 0
NullRejectionCoeff: 5
NumClasses: 30
NullRejectionThresholds:  0 0 0 0 0 0 0 0 0 0 0 0 0 0 0 0 0 0 0 0 0 0 0 0 0 0 0 0 0 0
ClassLabels:  517 518 519 520 521 522 523 524 525 526 527 528 529 530 531 532 533 534 535 536 537 538 539 540 541 542 543 544 545 546
Ranges: 
-146.41	262.997
-468.605	230.009
230.009	2439.3
-233.249	253.536
-313.214	405.633
230.009	2528.46
-333.107	247.542
-159.402	592.385
230.009	2656.2
-343.559	368.759
-368.044	445.65
230.009	2554.66
-546.166	620.474
-643.347	474.304
230.009	2559.97
-617.795	679.981
-751.674	757.682
230.009	2740.63
-192.739	296.88
-258.383	439.915
230.009	2622.89
-339.961	609.026
-529.907	563.058
230.009	2955.26
-392.573	826.589
-606.515	718.016
230.009	3069.28
-235.503	342.496
-662.007	230.009
230.009	2423.46
-183.397	253.771
-1105.54	230.009
230.009	2388.08
-263.204	468.932
-1532.01	230.009
230.009	2399.96
-221.874	336.569
-597.085	230.009
230.009	2459.39
-171.182	367.463
-1040.54	230.009
230.009	2397.21
-207.219	399.186
-1466.58	230.009
230.009	2474.33
ModelType: C_SVC
KernelType: LINEAR
Degree: 3
Gamma: 0.0222222
Coef0: 0
NumberOfFeatures: 45
UseShrinking: 1
UseProbability: 1
NumberOfSupportVectors: 116
RHO: 
0.737322	0.650895	0.513346	0.516999	0.397068	0.653298	1.07183	0.388805	0.403972	0.740045	0.398546	0.347421	0.589917	0.198473	0.088961	0.122193	0.701872	0.190039	0.412697	0.470631	-0.102877	0.27153	0.325349	0.469383	0.109759	0.399706	0.544976	0.822294	0.436857	-0.0149005	-0.298514	0.238292	-0.0129643	-0.598784	0.0759608	-0.0879873	0.0723912	1.11589	0.290572	0.107646	0.316724	-0.0927705	-0.364753	-1.20028	0.0230787	-0.145614	0.120945	-0.84669	-0.347575	-0.161318	-0.0282716	-0.347037	-0.480946	0.254804	0.527892	0.412354	-0.285049	-0.124403	0.478808	-0.151741	-0.119431	0.105384	-0.139603	0.0879681	0.875424	0.282052	0.0227496	0.0726545	-0.0826231	-0.369505	-0.611286	0.0989505	-0.139411	0.0563417	-0.543007	-0.277143	-0.13959	-0.0393493	-0.196374	-0.500005	0.27695	0.669579	0.296989	-0.334655	0.745159	0.14804	-0.0272551	0.200571	0.50954	0.455464	1.84641	0.794547	0.107988	0.702263	-0.114703	-0.384024	-1.42262	0.0679884	-0.143852	0.976418	-0.719883	-0.360749	-0.0772411	0.234576	-0.114567	-0.491891	0.347967	1.21308	1.83033	-0.309828	-1.4148	-0.536212	-0.145639	-0.954331	-2.11339	0.731557	-0.0626076	-0.327021	-0.238916	-0.808937	-1.15128	-1.1034	-0.132925	-0.784014	-0.539721	-0.968721	-0.344999	-1.57341	-1.25081	-0.512009	-1.46918	0.145398	0.93532	0.0400603	-1.10027	-0.0585679	0.179422	0.254949	0.282258	1.21808	1.02805	0.0443258	0.131265	-0.140578	-0.520601	-0.830214	0.0145528	-0.237181	0.283308	-0.542463	-0.332548	-0.255683	-0.0923566	-0.193085	-0.705126	0.396713	2.14821	0.537701	-0.382311	0.408118	0.115834	0.266185	1.4725	0.419687	0.106803	0.833215	-0.0382416	-0.329997	-0.892751	0.0740408	-0.104305	0.37187	-1.11747	-0.288546	-0.0348996	0.124399	-0.106857	-0.352383	0.253582	0.651137	1.10589	-0.138018	-0.0870064	-0.0562792	0.501266	0.0968403	-0.0799749	-0.0686431	-0.144732	-0.654593	-0.764032	-0.183015	-0.264744	-0.0742291	-1.82919	-0.433415	-0.202212	-0.120437	-0.186867	-0.481728	0.0760935	0.30151	0.201801	-0.305463	0.358553	1.1882	0.801866	-0.00571413	0.15662	-0.20638	-0.555394	-1.32743	0.0055751	-0.263944	0.0672628	-0.5334	-0.315456	-0.463227	-0.282221	-0.33829	-1.22286	0.328086	1.54328	0.447883	-0.516711	0.893306	0.869961	-0.0488819	0.00970486	-0.318832	-1.05603	-0.755467	-0.0225234	-0.610032	-0.0628859	-0.647023	-0.301037	-0.641561	-0.463408	-0.245114	-1.2308	0.259759	1.56714	0.30508	-0.640663	-0.898773	-0.368009	-1.39402	-0.655347	-0.608658	-2.25493	-0.273241	-0.486949	-1.61446	-1.38281	-0.588831	-1.30283	-1.47171	-2.28283	-0.811927	-0.131903	-0.533552	-0.986277	-1.89816	-0.220281	-0.281269	-1.06253	-0.855592	-1.17541	-0.102244	-0.607737	-0.638943	-0.686107	-0.403252	-2.818	-2.09181	-0.483608	-1.34572	0.207158	2.40484	-0.00362867	-0.899664	0.0169261	-1.30682	-1.19011	-0.332182	-0.000368234	-1.04128	-0.00247335	-0.333362	-0.331202	-0.159317	-0.0940767	-0.0858719	-0.503099	0.17159	0.44719	0.197517	-0.131539	-0.172673	-0.400943	-1.98601	-0.00999105	-0.193692	-0.0747667	-1.06653	-0.384935	-0.317106	-0.153384	-0.505459	-0.559407	0.24685	0.599709	0.422644	-0.495646	-0.682467	-0.252864	0.184453	-0.289241	0.346843	-0.179583	-0.279223	0.298169	0.387797	0.0457065	-0.506878	0.281342	1.05131	0.297567	0.0768529	0.0302311	0.532819	1.6399	0.443206	0.114398	-0.111245	0.414421	0.476958	0.239276	0.128491	0.410645	1.04889	0.561716	0.40072	0.250426	0.153724	1.40852	0.235465	-0.184234	0.740687	0.994346	1.09912	0.0354381	0.548536	1.60246	1.23279	0.918238	-0.211578	-0.00378777	-0.255375	-0.370578	-0.0661169	-0.022425	-0.0782343	-0.323699	0.180361	0.271957	0.114613	-0.118812	0.224784	-0.13201	-0.207243	0.132826	0.192757	0.0556071	-0.271426	0.288845	0.776242	0.377645	0.0920623	-0.746463	-0.388634	-1.12856	-0.609736	-0.38373	-0.712848	0.290677	1.22866	0.49706	-0.697209	-0.164809	0.4289	0.567156	0.371527	-0.0498043	0.331477	0.889493	1.09216	0.589993	0.310352	0.360975	0.290878	0.149282	0.678744	0.508472	0.465742	0.294015	0.877281	-0.0178374	-0.558159	0.338398	2.15215	0.648662	-0.0414983	-0.170939	-0.643436	0.332803	2.52099	0.503733	-0.471639	-0.339423	0.438704	0.787131	0.562802	-0.0344573	0.576049	1.99654	0.580356	0.549673	-0.0769217	-0.138007	-0.42173	-0.29504	-1.67926	-0.796989	
Label: 
517	518	519	520	521	522	523	524	525	526	527	528	529	530	531	532	533	534	535	536	537	538	539	540	541	542	543	544	545	546	
ProbA: 
-1.73465	-1.51644	-1.77528	-1.69404	-1.83508	-1.72011	-1.79544	-1.76867	-1.59858	-1.85073	-1.85501	-1.79489	-1.83677	-1.75893	-1.83066	-1.85318	-1.84406	-1.71884	-1.71302	-1.87733	-1.82149	-1.64111	-1.70673	-1.68691	-1.5789	-1.6826	-1.74837	-1.57518	-1.87642	-1.21214	-1.60012	-1.58819	-1.60669	-1.61616	-1.68948	-1.57313	-1.46396	-1.49897	-1.60642	-1.69895	-1.87121	-1.5529	-1.7007	-1.4777	-1.69381	-1.6017	-1.24517	-2.03942	-1.71889	-1.29246	-1.36747	-1.40203	-1.45389	-1.5363	-1.52459	-1.49616	-1.44726	-1.2074	-1.38032	-1.57749	-1.28686	-1.58884	-1.38684	-1.41584	-1.38664	-1.74798	-1.74086	-1.30538	-1.67665	-1.75092	-1.27664	-1.73345	-1.66012	-1.25576	-1.52716	-1.64615	-1.37287	-1.44743	-1.1745	-1.40213	-1.56124	-1.59283	-1.22741	-1.43571	-1.70722	-1.82985	-1.695	-1.74817	-1.79174	-1.56788	-1.82684	-1.84857	-1.77588	-1.79447	-1.69064	-1.7801	-1.76994	-1.7737	-1.6807	-1.70653	-1.85423	-1.77881	-1.56949	-1.69992	-1.67484	-1.57062	-1.69083	-1.69766	-2.1202	-1.86437	-1.81408	-1.60063	-1.60032	-1.72969	-0.564238	-1.75374	-1.8408	-1.68228	-1.70511	-1.64346	-1.6795	-1.6663	-1.68322	-1.56982	-1.60158	-1.7409	-1.6802	-1.52795	-1.62753	-1.58515	-1.46498	-1.60245	-1.6947	-1.4973	-1.78819	-1.73556	-1.76703	-1.84726	-1.66873	-1.92527	-2.02377	-1.83885	-1.8465	-1.77003	-1.83757	-1.83596	-1.85009	-1.73871	-1.73594	-1.88362	-1.84636	-1.61981	-1.78259	-1.72626	-1.60845	-1.72661	-1.83596	-1.6073	-1.9097	-1.63386	-1.68878	-1.4853	-1.75408	-1.76117	-1.68463	-1.72451	-1.62252	-1.69541	-1.69068	-1.68508	-1.59576	-1.59717	-1.76151	-1.69174	-1.4898	-1.58979	-1.59438	-1.48862	-1.59992	-1.65398	-1.49079	-1.74649	-1.74039	-1.51499	-1.83359	-1.83637	-1.76311	-1.76322	-1.76308	-1.7414	-1.76856	-1.75852	-1.64449	-1.68053	-1.68494	-1.73985	-1.56016	-1.67958	-1.67449	-1.55418	-1.67654	-1.77327	-1.5597	-1.80258	-1.67709	-1.83275	-1.84711	-1.77402	-1.76135	-1.7185	-1.78747	-1.75668	-1.7801	-1.69202	-1.70011	-1.85158	-1.76291	-1.56894	-1.65839	-1.67493	-1.57119	-1.65217	-1.68852	-1.5785	-1.85091	-1.64286	-1.66412	-1.57838	-1.58494	-1.5812	-1.58441	-1.5696	-1.58137	-1.48647	-1.48276	-1.6492	-1.58488	-1.38075	-1.5125	-1.48117	-1.37226	-1.49515	-1.57626	-1.38816	-1.65238	-1.91478	-1.82046	-1.86045	-1.71782	-1.8517	-1.85988	-1.84144	-1.7471	-1.75492	-1.93186	-1.84179	-1.66082	-1.74226	-1.76365	-1.65343	-1.75278	-1.79397	-1.6381	-1.93392	-1.83247	-1.83388	-1.74388	-1.84162	-1.84464	-1.84777	-1.73909	-1.77379	-1.91942	-1.85358	-2.06185	-1.85555	-1.7636	-1.62589	-1.765	-1.97655	-1.65586	-1.91147	-1.77485	-1.56953	-1.75919	-1.77209	-1.77407	-1.69716	-1.68971	-1.85015	-1.78096	-1.58537	-1.6889	-1.68402	-1.57622	-1.69107	-1.76402	-1.57141	-1.85544	-1.70677	-1.78789	-1.77962	-1.78684	-1.68847	-1.69929	-1.82788	-1.786	-1.58465	-1.70374	-1.69053	-1.58124	-1.69023	-1.7112	-1.58996	-1.8513	-1.75462	-1.66692	-1.77142	-1.4801	-1.56274	-1.7557	-1.70907	-1.41357	-1.50071	-1.58195	-1.54756	-1.62	-1.71061	-1.52052	-1.743	-1.78381	-1.77024	-1.69394	-1.69385	-1.85834	-1.78005	-1.58252	-1.68421	-1.69087	-1.59218	-1.69603	-1.75583	-1.58494	-1.85962	-1.77354	-1.68059	-1.6837	-1.85339	-1.78484	-1.57387	-1.67705	-1.68936	-1.57364	-1.68944	-1.70761	-1.57492	-1.86259	-1.68055	-1.69628	-1.8568	-1.78058	-1.58336	-1.68829	-1.69124	-1.58459	-1.69243	-1.76015	-1.58403	-1.8583	-1.59648	-1.75613	-1.6932	-1.48767	-1.58704	-1.59391	-1.48743	-1.60699	-1.66635	-1.48284	-1.76061	-1.76441	-1.69264	-1.51238	-1.63188	-1.59435	-1.4883	-1.59512	-1.65166	-1.49113	-1.77302	-1.8563	-1.65051	-1.76623	-1.76948	-1.64945	-1.76712	-1.84376	-1.6582	-1.92481	-1.58285	-1.68861	-1.69464	-1.58278	-1.68414	-1.76332	-1.58488	-1.85997	-2.84653	-1.48087	-1.39656	-1.48996	-1.65742	-1.37431	-1.65026	-1.59279	-1.49069	-1.59145	-1.70311	-1.49074	-1.79117	-1.48613	-1.59841	-1.61778	-1.48922	-1.74517	-1.48873	-1.52578	-1.3784	-1.65247	-1.69677	-1.49261	-1.76416	-1.56126	-1.77417	-1.64623	
ProbB: 
-0.112311	-0.186475	-0.00710472	-0.0902856	0.0428566	-0.13044	-0.046058	-0.0166554	-0.224219	0.0541256	0.0751462	-0.0296925	-0.0618701	-0.0655664	-0.0521971	-0.109767	-0.0821529	-0.130357	-0.110917	0.0435942	-0.0314849	-0.287435	-0.127021	-0.0922094	-0.205191	-0.0938498	-0.0642401	-0.207405	0.0458145	-0.425414	0.157059	0.0276021	0.316167	-0.0206048	0.0608711	0.186188	-0.0962062	0.365803	0.284756	0.0582157	-0.222339	0.0806778	0.0831689	0.244108	0.0714931	-0.0192325	0.244726	-0.466171	0.0658833	0.0365983	0.179082	0.158904	-0.0788209	0.0569888	0.161871	-0.130007	0.39686	0.258544	-0.0848478	-0.027713	0.0403028	-0.0108388	0.079217	-0.254918	0.302287	0.0434035	-0.0115287	0.248317	-0.0698888	0.0160742	0.256629	0.0214961	-0.0892382	0.0887389	0.229689	0.115739	-0.153179	-0.0477159	0.0540092	-0.144966	-0.0237644	-0.100826	-0.115989	0.175103	-0.0658662	0.0680662	-0.0851957	-0.0232368	-0.008209	-0.200216	0.0906082	0.0809918	-0.0028633	-0.00189582	-0.0714257	0.00194886	-0.00588257	0.0113627	-0.0954668	-0.0905021	0.0727427	0.0041091	-0.199086	-0.0790664	-0.0875649	-0.203316	-0.0907522	-0.0505732	0.482103	0.0746577	0.123879	0.00117195	0.05091	0.0727811	-0.141431	0.145422	0.0202052	0.0929116	0.0886772	0.191368	0.104338	0.0930856	0.0966452	0.0177816	0.00145754	0.176293	0.101456	-0.157678	-0.025888	-0.0087726	-0.111073	0.00118017	-0.00159043	-0.119452	0.131628	-0.140468	-0.056362	-0.0624722	-0.272122	0.00640321	-0.122652	-0.0658645	-0.064572	-0.110636	-0.0553048	-0.0709178	-0.0720659	-0.148185	-0.163872	0.0376482	-0.0667642	-0.245909	-0.161921	-0.151507	-0.253407	-0.137604	-0.124654	-0.230075	-0.010362	0.0454986	0.0883975	-0.11712	0.168704	0.163175	0.0833083	0.113393	0.0283059	0.0895468	0.0855162	0.0886625	-0.008974	0.0013663	0.172609	0.094011	-0.112708	-0.000694542	-3.97224e-05	-0.117006	0.00477551	0.0658196	-0.107872	0.156464	0.0367153	-0.151459	0.0539014	0.0856417	-0.00138834	-0.000319212	0.0255407	0.0251068	0.00139115	0.00812018	-0.0655163	-0.0739603	0.193537	0.043539	-0.181359	-0.0745501	-0.0719935	-0.18165	-0.0706219	-0.00286195	-0.184597	0.115387	-0.123492	0.0857442	0.0557477	-0.00278759	0.0235725	-0.033105	0.00117531	-0.00121348	-0.00125007	-0.0971164	-0.0923155	0.06938	0.0181697	-0.193792	-0.053369	-0.107599	-0.202459	-0.0517761	-0.0227425	-0.198394	0.0646111	0.264166	0.267503	0.198851	0.209155	0.305797	0.201466	0.190539	0.198831	0.103046	0.111104	0.274573	0.198111	0.00316606	0.122779	0.0986979	-0.0129992	0.112397	0.187573	-0.00948079	0.269604	0.00281385	-0.0557556	-0.0738784	-0.219257	-0.06558	-0.0713747	-0.0604893	-0.160102	-0.157861	-0.00164079	-0.0611996	-0.267212	-0.184648	-0.168806	-0.274287	-0.18023	-0.107658	-0.270124	-0.00287104	-0.0568004	-0.0519807	-0.102514	-0.0589054	-0.082472	-0.0659856	-0.147141	-0.159449	-0.000635172	-0.0762671	0.0816623	-0.13288	-0.159508	-0.263577	-0.145984	-0.0747446	-0.281292	-0.0148894	0.00883361	0.260517	-0.00380096	-0.00319748	-0.00706131	-0.0776999	-0.0866343	0.079565	0.000540746	-0.202516	-0.0975292	-0.0872553	-0.210177	-0.0877151	-0.0128721	-0.187539	0.0810511	-0.0798444	-0.00502137	-0.00361149	-0.00561981	-0.100114	-0.0966641	0.093759	-0.00149588	-0.208693	-0.0883988	-0.0920372	-0.204513	-0.0875617	-0.0627031	-0.20029	0.0675805	-0.217015	0.106048	-0.0729761	-0.385527	0.0384655	0.164841	0.0672622	-0.0565573	0.0370621	0.00848272	-0.246697	-0.0164779	-0.0426881	-0.158868	0.185159	-0.00455903	0.00112844	-0.0798181	-0.0899014	0.0726042	0.00339058	-0.200128	-0.0995306	-0.0980154	-0.190092	-0.0874267	-0.0218862	-0.195076	0.0721197	0.00439404	-0.0864626	-0.0792061	0.0808438	-0.00333844	-0.196605	-0.0917473	-0.0885464	-0.2011	-0.0910446	-0.0429569	-0.191191	0.0655503	-0.0768611	-0.0902961	0.0785314	-0.00411483	-0.197218	-0.0913924	-0.0841191	-0.200944	-0.0963209	-0.0230257	-0.19889	0.0797173	0.00539004	0.171492	0.09036	-0.105982	-0.00801266	-0.0013008	-0.117685	0.000451872	0.0694261	-0.100664	0.167957	0.160771	0.088377	-0.103424	0.018635	-0.0131274	-0.116653	-0.00535714	0.0498078	-0.111342	0.160446	-0.0741156	-0.26995	-0.152996	-0.170486	-0.281362	-0.164932	-0.0787298	-0.273743	-0.0035572	-0.197719	-0.0887434	-0.0897333	-0.198091	-0.0901735	-0.0114099	-0.204027	0.0804834	-0.266592	0.103583	0.0153258	0.106642	0.13393	-0.000777284	0.271347	-0.012248	-0.123718	-0.00264718	0.093293	-0.118107	0.14682	-0.101455	-0.00382591	0.0435971	-0.108047	0.169948	0.110916	0.163913	0.00445959	0.280273	0.102741	-0.108573	0.167672	-0.173354	0.129241	0.265377	
NumSupportVectorsPerClass: 
2	4	4	5	4	5	4	4	4	3	5	6	5	3	2	3	4	4	4	4	4	4	3	4	3	3	3	5	3	5	
SupportVectors: 
0.0651761	0.00192453	0	0	0.00584294	0.102867	0.194417	0	0.00281641	0	0	0.00750805	0.061006	0.00266882	0.0401567	0.0126914	0.117968	0.0126791	0.00178546	0.159334	0	0	0.00368617	0	0	0	0	0	0.031655	1	0.838847	2	0.777888	3	1	4	0.834726	5	0.822085	6	0.969394	7	0.844872	8	0.844137	9	0.922734	10	0.818066	11	0.85017	12	0.841603	13	0.835538	14	1	15	0.729289	16	0.781195	17	1	18	0.680274	19	0.288334	20	0.595489	21	0.994262	22	-0.222467	23	0.558879	24	1	25	-0.330694	26	0.814719	27	1	28	0.857842	29	0.459885	30	0.897694	31	0.947112	32	0.0508609	33	0.814249	34	0.357387	35	-0.136929	36	0.68675	37	0.482258	38	0.291979	39	1	40	0.118012	41	-0.0845617	42	0.954735	43	-0.0570815	44	-0.257394	45	0.816031	
0.156257	0.200015	0.167919	0.125136	0.125506	0.0846513	0.0232441	0.134985	0.11374	0.129243	0.0989205	0.0958746	0.0932303	0.0705277	0.0415379	0.122755	0.0453035	0.0683799	0.120302	0.00953393	0.0503163	0.0975654	0.0987743	0.177338	0.102131	0.0809326	0.113247	0.206419	0.123546	1	0.862399	2	0.75324	3	0.96461	4	0.838793	5	0.806657	6	0.923153	7	0.82806	8	0.836004	9	0.868408	10	0.83907	11	0.817655	12	0.798087	13	0.802549	14	0.950439	15	0.664379	16	0.770575	17	0.964165	18	0.601441	19	0.265862	20	0.601613	21	0.947704	22	-0.0387786	23	0.0279312	24	0.710011	25	-0.100016	26	-0.437648	27	0.645819	28	0.901402	29	0.42333	30	0.876246	31	0.916439	32	0.0271708	33	0.801182	34	0.354658	35	-0.155868	36	0.675701	37	0.49915	38	0.274945	39	0.976166	40	0.133968	41	-0.0997204	42	0.939374	43	-0.0708747	44	-0.269544	45	0.809884	
-0	0.156548	0.80739	0.335462	0.393649	0.865606	0	0.811055	0.34783	0.437137	0.350313	0.0765414	1	0.159797	0.101345	0	0	0.0971728	0.722536	0.46284	0	0.353629	0.362226	0.678184	0.13554	0	0.364807	0.57181	0.525435	1	0.226189	2	0.617906	3	0.845525	4	0.421313	5	0.714108	6	0.783864	7	0.821977	8	0.917956	9	0.806531	10	-0.0265394	11	0.648104	12	0.836754	13	-0.193057	14	0.369388	15	0.988158	16	-0.478783	17	-0.0548912	18	0.987119	19	0.69506	20	0.608637	21	0.642555	22	0.631647	23	0.296729	24	0.413967	25	0.385308	26	0.293063	27	0.501809	28	0.063307	29	0.237922	30	0.865909	31	-0.169766	32	-0.0154866	33	0.758054	34	-0.856835	35	-0.120222	36	0.644258	37	0.22873	38	0.178533	39	0.801497	40	0.211384	41	-0.243612	42	0.782409	43	-0.000547692	44	-0.373776	45	0.745827	
-0.102248	0.138429	0	0	0	0	0.262223	0	0	0	0	0	0.671019	0	0	0.503268	0.103594	0	0	0	0.0363729	0	0	0	0.0842039	0.153564	0	0	0	1	0.231301	2	0.600009	3	0.845932	4	0.432117	5	0.682586	6	0.777507	7	0.830107	8	0.920347	9	0.804556	10	-0.00775566	11	0.62989	12	0.830764	13	-0.183511	14	0.390206	15	0.992705	16	-0.46824	17	-0.0406909	18	1	19	0.689215	20	0.564962	21	0.636161	22	0.621799	23	0.282186	24	0.407095	25	0.382887	26	0.280658	27	0.505768	28	0.0647116	29	0.237272	30	0.873441	31	-0.135531	32	-0.0067006	33	0.749209	34	-0.84372	35	-0.116758	36	0.625345	37	0.223432	38	0.17356	39	0.808807	40	0.185968	41	-0.244807	42	0.799352	43	0.0186283	44	-0.386057	45	0.768441	
-0.051631	0	0	0	0	0.130602	0.107076	0	0	0	0	0.0299636	0.0320061	0	0	0	0	0	0	0	0.0291599	0	0	0	0	0	0	0.108065	0	1	0.422294	2	0.562063	3	0.825072	4	0.576282	5	0.6315	6	0.765636	7	0.814503	8	0.805179	9	0.788373	10	-0.0243382	11	0.577182	12	0.79473	13	-0.242926	14	0.288072	15	0.926548	16	-0.421844	17	-0.118562	18	0.926118	19	1	20	0.521203	21	0.648363	22	1	23	0.371026	24	0.516751	25	0.767386	26	0.365413	27	0.573447	28	0.0493518	29	0.217706	30	0.851635	31	0.930298	32	-0.096945	33	0.886094	34	0.611538	35	-0.241678	36	0.825477	37	0.548083	38	0.155258	39	0.77205	40	-0.175989	41	-0.0883158	42	0.716756	43	-0.702847	44	-0.173975	45	0.593741	
-0.0675537	0	0	0.00264085	0	0	0	0	0.00620319	-0	0	0.103754	0	0	0.0371347	0	0.0542814	0.0606342	0	0	0	0	0	-0	0	0	0	0	0	1	0.331203	2	0.801487	3	0.82743	4	0.578165	5	0.809712	6	0.822519	7	0.839643	8	0.793448	9	0.82518	10	0.0591308	11	0.668604	12	0.887854	13	-0.145186	14	0.274311	15	0.971637	16	-0.312111	17	-0.176995	18	0.944168	19	0.882311	20	0.781586	21	0.667171	22	0.94895	23	0.368772	24	0.489612	25	0.807887	26	0.374613	27	0.580526	28	-0.0640756	29	0.415108	30	0.823015	31	0.909552	32	0.0311226	33	0.896959	34	0.509171	35	-0.165393	36	0.793548	37	0.395076	38	0.441511	39	0.692265	40	-0.304166	41	0.023313	42	0.676464	43	-1	44	-0.105907	45	0.572236	
-0	-0	0	0	0	0	0	0	0	0	0	0	0	0	0	0	0.0837508	0	0	0	0	0	0	0	0	0	0	0	0	1	-0.719184	2	0.97268	3	0.766076	4	-0.257598	5	0.986632	6	0.761545	7	0.132653	8	0.957005	9	0.742256	10	0.173285	11	0.923652	12	0.65865	13	0.161556	14	0.439383	15	0.511563	16	0.524382	17	0.303048	18	0.541003	19	-0.945615	20	0.848643	21	0.772704	22	-0.921372	23	0.225331	24	0.668998	25	-0.780923	26	-0.324821	27	0.607045	28	-0.354745	29	0.592758	30	0.658889	31	-0.270873	32	0.100666	33	0.673275	34	-0.470516	35	-0.138961	36	0.661372	37	-0.927288	38	0.520785	39	0.736269	40	1	41	0.452547	42	0.860446	43	0.511388	44	0.10119	45	0.670194	
-0	-0	0	0	0	0	0	0	0	0	0	0	0	0	0.0590452	0	0	0	0	0	0	0	0	0	0	0	0	0	0	1	-0.816681	2	0.986366	3	0.774265	4	-0.323909	5	1	6	0.767649	7	0.0909473	8	0.971778	9	0.745633	10	0.1121	11	0.935803	12	0.658924	13	0.191301	14	0.449723	15	0.513938	16	0.545004	17	0.33235	18	0.543579	19	-0.988455	20	0.862005	21	0.784164	22	-0.944191	23	0.241322	24	0.674482	25	-0.783815	26	-0.308272	27	0.599214	28	-0.449035	29	0.603591	30	0.665376	31	-0.294719	32	0.111652	33	0.66871	34	-0.497864	35	-0.129913	36	0.666211	37	-1	38	0.532105	39	0.749759	40	0.97407	41	0.47038	42	0.861499	43	0.495721	44	0.109202	45	0.666953	
-0	-0	0	0	0	0	0	0	0	0	0	0	0	0.0528005	0	0	0	0.0454463	0	0	0	0	0	0	0	0	0	0	0	1	-0.807358	2	0.955599	3	0.767542	4	-0.329801	5	0.976012	6	0.757981	7	0.0753587	8	0.953496	9	0.734834	10	0.111982	11	0.912699	12	0.650455	13	0.170103	14	0.446074	15	0.511044	16	0.532033	17	0.325234	18	0.535795	19	-1	20	0.839539	21	0.773818	22	-0.914123	23	0.214113	24	0.671447	25	-0.829693	26	-0.338631	27	0.60915	28	-0.427605	29	0.573708	30	0.662579	31	-0.286558	32	0.0908556	33	0.665951	34	-0.495142	35	-0.145592	36	0.661387	37	-0.984571	38	0.502081	39	0.7458	40	0.989905	41	0.461942	42	0.859361	43	0.517389	44	0.105688	45	0.663663	
-0.20194	-0.294977	0.456064	0.571797	0.931895	0.342676	0.2446	0.412433	0.447858	0.343092	0.35993	0.189671	0.272003	0.135022	0.106601	0.265796	0.0913631	0.131683	0.36409	0.288357	0.0531173	0.320316	0.375084	0.39725	0.231679	0.148302	0.420212	0.388337	0.637296	1	-0.39343	2	0.914366	3	0.840525	4	0.00810454	5	0.932417	6	0.832137	7	0.346772	8	0.913877	9	0.802034	10	-0.13219	11	1	12	0.692017	13	0.124863	14	0.516597	15	0.511369	16	0.519909	17	0.333843	18	0.528291	19	0.0271305	20	0.648056	21	0.875901	22	-0.159793	23	0.0462922	24	0.647117	25	-0.259666	26	-0.436438	27	0.580963	28	-0.477875	29	0.613224	30	0.711697	31	-0.0780541	32	0.134006	33	0.708495	34	-0.426736	35	-0.108443	36	0.675749	37	-0.307791	38	0.39593	39	0.833867	40	0.848705	41	0.106362	42	0.903602	43	0.405331	44	-0.100757	45	0.716164	
-0.167919	-0	-0	0	0	0.113403	0.338462	0	0	0.679061	0	0	0	0	0	0.66037	0	0	0.0334079	0.418209	0	0	0	0	0	0	0	1	0	1	0.0275904	2	0.677761	3	0.978157	4	0.11647	5	0.72062	6	0.951822	7	0.17058	8	0.772548	9	0.893685	10	-0.325622	11	0.559641	12	0.984207	13	-0.409822	14	0.207654	15	0.981043	16	-0.236085	17	-0.0378892	18	0.633837	19	0.52402	20	0.725126	21	0.821966	22	0.521258	23	0.110822	24	0.56211	25	0.0676388	26	-0.273328	27	0.358625	28	-0.170973	29	0.274419	30	0.974297	31	-0.457663	32	-0.0351952	33	0.829724	34	-0.35875	35	-0.23853	36	0.768135	37	0.420278	38	0.330083	39	0.874281	40	0.301474	41	-0.0968514	42	0.917386	43	0.561892	44	-0.272639	45	0.941866	
-0	-0.80739	-0	0	0	1	0	0	0	0	0	0	1	0	0	0	0	0	0	0	0	0	0	0.684908	0	0	0	0.740532	0	1	0.0330698	2	0.692064	3	0.989237	4	0.13812	5	0.735035	6	0.963463	7	0.201292	8	0.794597	9	0.905566	10	-0.33369	11	0.590645	12	0.980467	13	-0.422542	14	0.172887	15	0.980529	16	-0.254997	17	-0.0580271	18	0.63217	19	0.578808	20	0.718678	21	0.847963	22	0.501689	23	0.101483	24	0.571512	25	0.0607939	26	-0.270486	27	0.361727	28	-0.19797	29	0.295283	30	0.974666	31	-0.463705	32	-0.0275913	33	0.835837	34	-0.371212	35	-0.233568	36	0.777051	37	0.426543	38	0.330849	39	0.893834	40	0.285368	41	-0.0955187	42	0.925267	43	0.549274	44	-0.271886	45	0.948265	
-0	-0	-0	0	0	0	0	1	0	0	0	0	0.107178	0	0	0	0	0	0.376898	0	0	0	0	0	0.233632	0	0	0	0	1	0.0143853	2	0.691157	3	0.994875	4	0.115013	5	0.733102	6	0.969382	7	0.175859	8	0.782093	9	0.911622	10	-0.345803	11	0.582831	12	0.989037	13	-0.413161	14	0.225966	15	1	16	-0.284863	17	-0.0559911	18	0.650483	19	0.550483	20	0.723804	21	0.851007	22	0.496508	23	0.110592	24	0.578446	25	0.0612051	26	-0.272683	27	0.371768	28	-0.202656	29	0.292016	30	0.981586	31	-0.470409	32	-0.0313428	33	0.844812	34	-0.370699	35	-0.235473	36	0.781377	37	0.416886	38	0.334667	39	0.89717	40	0.272159	41	-0.0923393	42	0.922878	43	0.543156	44	-0.267249	45	0.951077	
-0	-0	-0	0.71207	0.681697	0	0	0.114917	0.778999	0	0.253878	0	0	0	0	0	0	0	1	0	0	0.889683	0.0788017	0	0	0	0	0	0.297942	1	0.0115703	2	0.689199	3	0.998027	4	0.109746	5	0.732584	6	0.970769	7	0.175683	8	0.782148	9	0.9113	10	-0.339587	11	0.577454	12	0.997311	13	-0.424164	14	0.186061	15	0.967943	16	-0.242277	17	-0.0660942	18	0.625376	19	0.530966	20	0.729001	21	0.845633	22	0.486744	23	0.113057	24	0.58533	25	0.0670987	26	-0.27018	27	0.373783	28	-0.195123	29	0.286638	30	0.990901	31	-0.469036	32	-0.0275732	33	0.845848	34	-0.378125	35	-0.231589	36	0.77552	37	0.410017	38	0.334751	39	0.89764	40	0.268093	41	-0.09201	42	0.92118	43	0.548002	44	-0.263995	45	0.955468	
-0	-0	-0.456064	0	0.174286	0	0	0	0	0	0.502432	0.246098	0	0.266799	0.164041	0	0.148948	0.205873	0.574679	0	0.0721184	0	1	0	0.0444664	0.16639	0.698293	0	1	1	0.00977934	2	0.672237	3	0.996148	4	0.0987003	5	0.719764	6	0.964098	7	0.159206	8	0.777242	9	0.899713	10	-0.332808	11	0.560904	12	1	13	-0.422611	14	0.173308	15	0.984767	16	-0.216628	17	-0.0352305	18	0.639714	19	0.499141	20	0.721893	21	0.830207	22	0.482208	23	0.106193	24	0.57925	25	0.0480107	26	-0.268117	27	0.369791	28	-0.177527	29	0.26757	30	1	31	-0.466794	32	-0.0349523	33	0.850285	34	-0.372937	35	-0.237825	36	0.783811	37	0.405809	38	0.320293	39	0.894996	40	0.271819	41	-0.10238	42	0.926161	43	0.545982	44	-0.273868	45	0.955981	
-0.125136	-0.101091	-0	-0.14761	0	0.380591	0.302268	0	0	0.362901	0	0	0	0	0	0.341749	0	0	0	0.346496	0	0	0	0.34544	0.00357461	0	0	0.200294	0.640557	1	-0.493437	2	0.869021	3	0.833972	4	-0.281245	5	0.918153	6	0.803451	7	-0.0986048	8	0.976222	9	0.749484	10	-0.609434	11	0.839101	12	0.72706	13	-0.603377	14	0.506465	15	0.483506	16	-0.176402	17	0.271654	18	0.262429	19	0.146096	20	0.806177	21	0.786749	22	0.201873	23	0.0824171	24	0.541198	25	0.0882632	26	-0.217994	27	0.289401	28	-0.583036	29	0.472384	30	0.768929	31	-0.588189	32	0.0227826	33	0.758426	34	-0.37224	35	-0.195048	36	0.770409	37	0.0122221	38	0.419413	39	0.810729	40	-0.00269655	41	0.109436	42	0.620307	43	0.159194	44	-0.0679298	45	0.372514	
-0	-0	-0.571797	-0	0	0	0	0.0528573	1	0	0	0	0	0	0	0	0	0	0	0	0	0	0	0.0194036	0.247772	0	0	0	0	1	-0.502042	2	0.881231	3	0.833992	4	-0.280216	5	0.931656	6	0.801852	7	-0.0936503	8	0.989338	9	0.745235	10	-0.60678	11	0.854118	12	0.724291	13	-0.589734	14	0.485109	15	0.482683	16	-0.172021	17	0.261816	18	0.2583	19	0.144281	20	0.81648	21	0.786368	22	0.202767	23	0.0894964	24	0.537466	25	0.0888108	26	-0.242067	27	0.293092	28	-0.594642	29	0.482322	30	0.769888	31	-0.614018	32	0.0288917	33	0.761896	34	-0.374377	35	-0.189578	36	0.771597	37	-0.00279349	38	0.426478	39	0.813161	40	-0.0104606	41	0.109093	42	0.626715	43	0.147176	44	-0.069733	45	0.380296	
-0	-0.237012	-0	-0.56446	0.26856	0.0685973	0	1	1	0	0.826895	0	0.110057	0	0	0	0	0.108097	0.264695	0	0	0.279573	0.185332	0	0	0	0.251014	0.308434	0	1	-0.530658	2	0.893385	3	0.837269	4	-0.284221	5	0.942663	6	0.807137	7	-0.0796805	8	1	9	0.75221	10	-0.621554	11	0.868258	12	0.738475	13	-0.672321	14	0.389607	15	0.577816	16	-0.33877	17	-0.0581657	18	0.315245	19	0.15781	20	0.822666	21	0.782741	22	0.193743	23	0.0833422	24	0.541021	25	0.0856616	26	-0.248455	27	0.299671	28	-0.640735	29	0.494912	30	0.776661	31	-0.598563	32	0.0400509	33	0.762519	34	-0.368606	35	-0.181467	36	0.771956	37	-0.0320194	38	0.434832	39	0.808592	40	0.00152139	41	0.111008	42	0.626516	43	0.159032	44	-0.0682634	45	0.380109	
-0	-0	-0	-0	1	0	0	0	1	0.0830923	1	0.390815	0.276937	0.566354	0.322441	0	0.155445	0.314714	0.505488	0	0.0563414	0.893197	1	0	0.227653	0.159643	1	0	0.12595	1	-0.577335	2	0.803674	3	0.844262	4	-0.32083	5	0.866181	6	0.796543	7	-0.0979862	8	0.940535	9	0.716685	10	-0.653325	11	0.785085	12	0.733597	13	-0.637409	14	0.359914	15	0.574812	16	-0.284598	17	0.164696	18	0.303589	19	0.131238	20	0.762116	21	0.767126	22	0.166675	23	0.151935	24	0.55346	25	0.0767581	26	-0.207503	27	0.323759	28	-0.681035	29	0.407466	30	0.805416	31	-0.625337	32	-0.00744598	33	0.753527	34	-0.374755	35	-0.215865	36	0.773925	37	-0.0633644	38	0.358985	39	0.829865	40	-0.0144653	41	0.10371	42	0.620048	43	0.151237	44	-0.0770011	45	0.378257	
-0	-0.209284	-0	-0.105176	-0.163751	0	0	0.418079	0.329634	0	0.89312	0.107996	0.219072	0	0	0	0.0996023	0.154895	0.33979	0	0.0092566	0.267128	0.4946	0	0	0.170332	0.572719	0	0	1	-0.623959	2	0.660503	3	0.89489	4	-0.162684	5	0.719411	6	0.834447	7	0.225763	8	0.781393	9	0.74075	10	-0.518073	11	0.738361	12	0.758745	13	-0.358415	14	0.265851	15	0.754734	16	-0.312868	17	-0.283725	18	0.628463	19	0.248931	20	0.514385	21	0.815513	22	0.0226346	23	0.133753	24	0.799824	25	-0.125177	26	-0.339253	27	0.616883	28	-0.862308	29	0.347319	30	0.859569	31	-0.540008	32	0.0243993	33	0.720364	34	-0.548151	35	-0.197923	36	0.739586	37	-0.288176	38	0.195252	39	0.899113	40	0.713127	41	-0.108264	42	0.897362	43	0.160179	44	-0.255755	45	0.731909	
-0	-0	-0	-0	-0	0	0	0	0	0	0	0	0	0.114197	0.0149275	0	0	0.0323073	0	0	0	0	0	0	0	0	0	0	0	1	-0.718782	2	0.684174	3	0.90946	4	-0.202996	5	0.736402	6	0.848805	7	0.226249	8	0.78674	9	0.75083	10	-0.550734	11	0.771639	12	0.780588	13	-0.378357	14	0.290079	15	0.776527	16	-0.330793	17	-0.265784	18	0.648688	19	0.216288	20	0.510589	21	0.821875	22	0.0128946	23	0.11662	24	0.793508	25	-0.117303	26	-0.372602	27	0.629021	28	-0.964352	29	0.380392	30	0.879002	31	-0.492994	32	0.0683783	33	0.740666	34	-0.521194	35	-0.164389	36	0.761942	37	-0.390346	38	0.210022	39	0.908147	40	0.747717	41	-0.0852317	42	0.919375	43	0.217053	44	-0.243881	45	0.757616	
-0.131349	-0.184365	-0.735781	-0.678833	-0.369088	0.446508	0.276802	0	0.701016	0.112879	0	0.153926	0.227949	0.217181	0.201978	0	0.057353	0.0644627	0	0.325658	0	0	0.584365	0	0	0	0.489802	0.509988	0.603069	1	-0.5072	2	0.716486	3	0.953735	4	-0.147285	5	0.782046	6	0.893932	7	0.160228	8	0.852152	9	0.802213	10	-0.389707	11	0.762247	12	0.767038	13	-0.633921	14	0.448603	15	0.637665	16	-0.252522	17	0.0365757	18	0.424667	19	0.0927963	20	0.615507	21	0.921731	22	0.0484767	23	0.110855	24	0.782047	25	-0.123647	26	-0.338877	27	0.624131	28	-0.620363	29	0.366941	30	0.883838	31	-0.487517	32	0.0140971	33	0.748873	34	-0.516487	35	-0.205862	36	0.76743	37	-0.223043	38	0.254359	39	0.98584	40	0.790748	41	-0.0988958	42	0.906665	43	0.203668	44	-0.252596	45	0.761443	
-0	-0	-0	-0.053165	-0.735721	0	0	0.583529	0	0	0.352756	0	0	0	0	0.321379	0	0	0.618043	0	0	0.64077	0.00693718	0.0215733	0.385238	0	0.0362261	0	0	1	-0.509939	2	0.724547	3	0.947509	4	-0.14567	5	0.788521	6	0.891173	7	0.161227	8	0.859716	9	0.803865	10	-0.411974	11	0.774984	12	0.771138	13	-0.632614	14	0.453139	15	0.641273	16	-0.259606	17	0.0369354	18	0.42328	19	0.128403	20	0.613997	21	0.912448	22	0.0634244	23	0.0910831	24	0.793878	25	-0.0821498	26	-0.425298	27	0.672503	28	-0.642872	29	0.378191	30	0.878553	31	-0.508592	32	0.0163594	33	0.751176	34	-0.536416	35	-0.204002	36	0.768987	37	-0.210594	38	0.258206	39	0.97205	40	0.777425	41	-0.0962078	42	0.906492	43	0.194109	44	-0.251135	45	0.762052	
-0	-0	-0.196114	-0.018809	-0	0	0	0	0	0.346077	0	0	0	0	0	0.0843165	0	0	0	0	0.0550566	0	0	0.447815	0	0.0469412	0.24732	0	0.396931	1	-0.586448	2	0.640454	3	0.938615	4	-0.137003	5	0.702059	6	0.871756	7	0.24485	8	0.772747	9	0.772961	10	-0.514617	11	0.716891	12	0.804755	13	-0.504879	14	0.273131	15	0.623261	16	-0.0821113	17	-0.0982616	18	0.531348	19	0.294965	20	0.503675	21	0.842489	22	0.0285617	23	0.145226	24	0.793871	25	-0.0327606	26	-0.38421	27	0.722091	28	-0.839042	29	0.326187	30	0.91463	31	-0.48053	32	0.0434704	33	0.743512	34	-0.528841	35	-0.183212	36	0.762353	37	-0.247026	38	0.180468	39	0.941337	40	0.785397	41	-0.089944	42	0.907195	43	0.21414	44	-0.246837	45	0.758159	
-0.187519	-0	-0	-0	-0.412529	-0	0	0	0	0.514913	0	0	0	0	0	0	0	0	0	0	0	0	0	0.51209	0	0.119812	0	0	0.64444	1	0.200972	2	0.786761	3	0.939831	4	0.314571	5	0.852686	6	0.877404	7	0.404697	8	0.932283	9	0.783134	10	-0.228545	11	0.753622	12	0.824406	13	-0.450535	14	0.333327	15	0.692452	16	-0.123365	17	-0.0179191	18	0.432895	19	0.776698	20	0.770994	21	0.834247	22	0.635628	23	0.67316	24	0.472502	25	0.143531	26	0.62547	27	0.258068	28	-0.120561	29	0.381132	30	0.920126	31	-0.189409	32	0.0542661	33	0.745823	34	-0.276331	35	-0.16657	36	0.657615	37	0.531178	38	0.353703	39	0.929105	40	0.354445	41	-0.0664502	42	0.902245	43	0.392222	44	-0.273222	45	0.875074	
-0	-0	-0.342676	-1	-0.0366583	-0.446508	0.203503	0	0.455613	0	0.351094	0.207566	0.258506	0.182394	0.145676	0	0.13912	0.167426	0.737037	0	0.0592614	0.399938	0.432156	0	0.194723	0	0.359159	0	0	1	0.190271	2	0.787707	3	0.939108	4	0.309811	5	0.852616	6	0.881226	7	0.400918	8	0.928035	9	0.791881	10	-0.234843	11	0.75668	12	0.831966	13	-0.449379	14	0.347139	15	0.707442	16	-0.139953	17	-0.0200097	18	0.445238	19	0.776395	20	0.767287	21	0.834245	22	0.639499	23	0.669548	24	0.468904	25	0.141324	26	0.626549	27	0.25453	28	-0.133986	29	0.38438	30	0.917071	31	-0.169267	32	0.049289	33	0.749095	34	-0.266723	35	-0.170193	36	0.660079	37	0.52199	38	0.353516	39	0.921361	40	0.367618	41	-0.0719286	42	0.909497	43	0.403434	44	-0.277351	45	0.881601	
-0	-0.996208	-0	-0.113403	-0	-0	0.280774	0	0	0	0	0	1	0	0	0.476545	0	0	0	0	0	0	0	0	0	0	0	0.860578	0	1	0.20251	2	0.797719	3	0.938918	4	0.319169	5	0.860972	6	0.884838	7	0.411656	8	0.934163	9	0.800097	10	-0.230615	11	0.764036	12	0.838955	13	-0.457202	14	0.37106	15	0.725016	16	-0.180026	17	-0.018357	18	0.451439	19	0.78885	20	0.775918	21	0.834396	22	0.650191	23	0.662845	24	0.472766	25	0.14768	26	0.626408	27	0.259355	28	-0.126118	29	0.393315	30	0.915082	31	-0.16641	32	0.0512016	33	0.751525	34	-0.263511	35	-0.1675	36	0.658247	37	0.533425	38	0.363181	39	0.915117	40	0.370633	41	-0.0681352	42	0.912475	43	0.408615	44	-0.275655	45	0.875306	
-0	-0	-0	-0	-0	-0	0	0.677288	0	0	0	0	0	0	0	0	0	0	0	0.795915	0	0	0	0	0	0	0	0	0	1	0.190394	2	0.809033	3	0.940631	4	0.323503	5	0.872643	6	0.886114	7	0.42621	8	0.943624	9	0.80058	10	-0.229365	11	0.780189	12	0.842859	13	-0.448506	14	0.373562	15	0.72423	16	-0.175349	17	-0.0209043	18	0.450626	19	0.795651	20	0.781126	21	0.833055	22	0.648835	23	0.668139	24	0.467997	25	0.143494	26	0.622156	27	0.253784	28	-0.148217	29	0.404835	30	0.918879	31	-0.165733	32	0.0632508	33	0.750323	34	-0.268609	35	-0.159711	36	0.661592	37	0.513211	38	0.368694	39	0.915542	40	0.366692	41	-0.0631071	42	0.907052	43	0.407261	44	-0.270721	45	0.879156	
-0	-0	-0	-0	-0	-0	-0	0	0	0.0607718	0	0	0	0	0	0	0	0	0	0	0	0	0	0	0	0	0	0	0	1	0.124212	2	0.438559	3	0.834837	4	0.173365	5	0.489528	6	0.810078	7	0.214962	8	0.535316	9	0.760196	10	-0.191872	11	0.33143	12	0.88229	13	-0.456446	14	0.982418	15	0.903765	16	-0.421132	17	0.994468	18	0.676637	19	0.442567	20	0.515266	21	0.648677	22	-0.0249807	23	0.822313	24	0.403646	25	-0.385441	26	0.925933	27	0.294858	28	-0.0117054	29	0.072773	30	0.858477	31	0.227632	32	-0.244017	33	0.857849	34	0.251203	35	-0.357859	36	0.722229	37	0.439586	38	0.141071	39	0.712388	40	0.293216	41	-0.133482	42	0.569631	43	0.231333	44	-0.244391	45	0.313197	
-0.217661	-0.3693	-0.2446	-0.338462	-0.302268	-0.276802	-0.484277	0.259017	0.288417	0.190958	0.232786	0.244078	0.39399	0.175212	0.214998	0.278147	0	0.188785	0.270102	0.815583	0	0.233332	0.245035	0.20198	0.186065	0	0.259343	0.466893	0.319535	1	0.0800318	2	0.536597	3	0.852833	4	0.177164	5	0.578922	6	0.836953	7	0.25434	8	0.615089	9	0.795054	10	-0.169417	11	0.404816	12	0.913737	13	-0.458451	14	0.990539	15	0.909181	16	-0.409948	17	0.994136	18	0.676146	19	0.417451	20	0.613803	21	0.669754	22	-0.0268429	23	0.833831	24	0.399667	25	-0.380879	26	0.935352	27	0.300546	28	-0.0627772	29	0.151231	30	0.869676	31	0.172245	32	-0.189652	33	0.859696	34	0.220703	35	-0.325166	36	0.747028	37	0.356266	38	0.232301	39	0.71729	40	0.260935	41	-0.0841518	42	0.585879	43	0.20282	44	-0.209143	45	0.33083	
-0	-0	-0	-0	-0	-0	-0	0	0	0	0	0	0	0	0	0	0.235154	0	0	0	0	0	0	0	0	0	0	0	0	1	0.11435	2	0.343378	3	0.841055	4	0.183539	5	0.396071	6	0.819134	7	0.238914	8	0.444888	9	0.771871	10	-0.157298	11	0.246991	12	0.898749	13	-0.441382	14	0.971091	15	0.904948	16	-0.408068	17	0.988821	18	0.665501	19	0.412496	20	0.421244	21	0.650084	22	-0.00654928	23	0.81709	24	0.398612	25	-0.372679	26	0.939243	27	0.298129	28	-0.0137861	29	-0.00203212	30	0.866301	31	0.259908	32	-0.292295	33	0.861675	34	0.276814	35	-0.380991	36	0.701393	37	0.395082	38	0.0626201	39	0.710668	40	0.271528	41	-0.179553	42	0.562802	43	0.187419	44	-0.266241	45	0.293513	
-0	-0	-0	-0	-0	-0	-0	0	0	0	0	0	0	0	0	0	0	0	0	0	0.0694279	0	0	0	0	0.105786	0	0	0	1	0.105479	2	0.320583	3	0.838904	4	0.177704	5	0.376092	6	0.814859	7	0.237617	8	0.428157	9	0.76567	10	-0.170612	11	0.234468	12	0.892796	13	-0.440765	14	0.972149	15	0.900851	16	-0.405868	17	0.983982	18	0.65454	19	0.420264	20	0.394704	21	0.647654	22	0.00122075	23	0.815457	24	0.395436	25	-0.3722	26	0.935056	27	0.293505	28	-0.0283426	29	-0.0188237	30	0.865346	31	0.275829	32	-0.301005	33	0.853483	34	0.297966	35	-0.390444	36	0.701207	37	0.394308	38	0.0384396	39	0.711896	40	0.289168	41	-0.194424	42	0.563453	43	0.176838	44	-0.264877	45	0.282773	
-0.134985	-0	-0.412433	-0.114917	-0.936984	-0.00160867	-0.677288	-0	0.589533	0	0	0	0	0	0	0	0	0	0	0.345329	0	0	0	0	0	0	0	0	0	1	-0.256437	2	0.811398	3	0.915142	4	0.122124	5	0.865184	6	0.86615	7	0.417346	8	0.922065	9	0.790043	10	-0.270854	11	0.871333	12	0.763473	13	-0.567582	14	0.471834	15	0.746319	16	-0.502284	17	-0.0632805	18	0.45288	19	0.455583	20	0.659564	21	0.871824	22	0.528989	23	0.0987853	24	0.636698	25	0.461229	26	-0.176899	27	0.3892	28	-0.540379	29	0.46816	30	0.850439	31	-0.615362	32	0.0951959	33	0.69158	34	-0.72425	35	-0.1158	36	0.562513	37	-0.0401451	38	0.321354	39	0.923004	40	-0.0953148	41	-0.0999386	42	0.951195	43	-0.0283971	44	-0.300732	45	0.901798	
-0	-0.755507	-0	-0	-0	-0	-0	-0	0	0	0	0	0	0	0	0	0	0	0	0	0	0	0	0.303372	0	0	0	0.373582	0	1	-0.25949	2	0.761599	3	0.910777	4	0.11593	5	0.820998	6	0.851992	7	0.409486	8	0.881106	9	0.763367	10	-0.287232	11	0.817484	12	0.752685	13	-0.557521	14	0.47539	15	0.752662	16	-0.514259	17	-0.0586926	18	0.459342	19	0.467096	20	0.631339	21	0.855106	22	0.539817	23	0.0868647	24	0.634306	25	0.469519	26	-0.173717	27	0.38535	28	-0.548465	29	0.417636	30	0.858534	31	-0.620114	32	0.0760188	33	0.684554	34	-0.729521	35	-0.130274	36	0.555803	37	-0.0299323	38	0.2844	39	0.926933	40	-0.0912363	41	-0.123899	42	0.953105	43	-0.0332144	44	-0.319218	45	0.894132	
-0	-0.0555483	-0	-1	-0	-0	-0	-0.259017	0	0.486033	0.10335	0	0.90964	0	0	0.554307	0	0	1	0	0	0	0	0.370666	0	0	0.0652578	0.130611	0.85792	1	-0.267706	2	0.709533	3	0.908106	4	0.0986263	5	0.773701	6	0.836612	7	0.393331	8	0.840586	9	0.730588	10	-0.326154	11	0.757574	12	0.748554	13	-0.586943	14	0.460663	15	0.74762	16	-0.497067	17	-0.064561	18	0.454694	19	0.489313	20	0.60377	21	0.829572	22	0.537829	23	0.0902616	24	0.636931	25	0.469311	26	-0.164342	27	0.387583	28	-0.565609	29	0.364255	30	0.876326	31	-0.643117	32	0.0602116	33	0.683934	34	-0.735544	35	-0.142164	36	0.553669	37	-0.00611305	38	0.248272	39	0.930551	40	-0.0914028	41	-0.147596	42	0.954413	43	-0.0326928	44	-0.336992	45	0.895583	
-0	-0	-0	-0	-0.115873	-1	-0	-0	0.500043	0	1	0.244789	0	0.29428	0.203821	0	0.138006	0.236763	0.448203	0	0.0594086	0.795813	0.814976	0	0.534598	0.204836	1	0	0	1	-0.308289	2	0.694566	3	0.903643	4	0.0755345	5	0.758012	6	0.830151	7	0.388389	8	0.822149	9	0.72169	10	-0.358496	11	0.748444	12	0.752546	13	-0.599322	14	0.452055	15	0.742876	16	-0.496068	17	-0.0659936	18	0.452482	19	0.490449	20	0.582108	21	0.813283	22	0.527271	23	0.0928621	24	0.637746	25	0.456941	26	-0.171143	27	0.391961	28	-0.615957	29	0.356052	30	0.880717	31	-0.643514	32	0.0646254	33	0.68049	34	-0.740077	35	-0.139137	36	0.551734	37	-0.0327552	38	0.233823	39	0.921863	40	-0.103433	41	-0.1575	42	0.952217	43	-0.0355314	44	-0.344015	45	0.898531	
-0	-0	-0	-0	-1	-0	-0	-0	-0.0895761	0	0	0	0	0	0	0	0	0	0	0	0	0	0	0	0	0	0	0	0	1	-0.50312	2	0.854566	3	0.914678	4	-0.264719	5	0.887323	6	0.8995	7	-0.0698779	8	0.92803	9	0.856801	10	-0.631911	11	0.764745	12	0.894671	13	-0.584736	14	0.322909	15	0.68384	16	-0.287368	17	0.0212515	18	0.391811	19	0.211656	20	0.829347	21	0.808435	22	0.140539	23	0.164016	24	0.394052	25	-0.119001	26	-0.170259	27	0.152603	28	-0.635705	29	0.448741	30	0.877155	31	-0.7811	32	0.022497	33	0.81164	34	-0.340454	35	-0.179609	36	0.76001	37	0.00952953	38	0.449666	39	0.826112	40	-0.160386	41	0.0257817	42	0.737893	43	-0.127888	44	-0.186393	45	0.572002	
-0.116557	-0.354033	-0	-0.778999	-1	-0.0306505	-0.455613	-0.288417	-1	0.382671	0.522515	0.422241	0.409666	0.212	0	0.29606	0.167922	0	0.776718	0.30537	0.0557233	0.930057	1	0.335753	0	0	0.128612	0.507389	0.862192	1	-0.506071	2	0.850852	3	0.913763	4	-0.26133	5	0.883483	6	0.898981	7	-0.0632067	8	0.921347	9	0.856937	10	-0.629831	11	0.764063	12	0.894298	13	-0.580951	14	0.321453	15	0.684557	16	-0.293766	17	0.0186468	18	0.388653	19	0.21537	20	0.822235	21	0.807799	22	0.140425	23	0.164357	24	0.398631	25	-0.119725	26	-0.167969	27	0.156481	28	-0.642911	29	0.447505	30	0.875948	31	-0.754986	32	0.019816	33	0.815114	34	-0.337241	35	-0.182086	36	0.756929	37	0.00242668	38	0.445124	39	0.824748	40	-0.156776	41	0.0227418	42	0.736555	43	-0.119701	44	-0.18728	45	0.567436	
-0	-0	-0.447858	-0	-1	-1	-0	-0	-0	0	1	0	0	0.289485	0.375781	0	0	0.522316	0	0	0	0	0.0634619	0	0.522723	0.159617	1	0	0	1	-0.530537	2	0.850818	3	0.914282	4	-0.26986	5	0.884846	6	0.898534	7	-0.0618023	8	0.924785	9	0.855038	10	-0.635571	11	0.770349	12	0.895226	13	-0.577791	14	0.321252	15	0.684469	16	-0.27066	17	0.0163677	18	0.380232	19	0.206758	20	0.817716	21	0.806039	22	0.135159	23	0.153097	24	0.399097	25	-0.124902	26	-0.185297	27	0.161231	28	-0.670321	29	0.44914	30	0.878334	31	-0.762357	32	0.0210172	33	0.817454	34	-0.342193	35	-0.180858	36	0.756973	37	-0.0260794	38	0.440876	39	0.825377	40	-0.161821	41	0.0213617	42	0.735149	43	-0.116048	44	-0.189195	45	0.568213	
-0	-0	-0	-0	-0	-0	-0	-0	-0	-0	0	0	0	0	0	0.31798	0	0	0	0	0	0	0	0	0	0	0	0	0	1	0.0371977	2	0.488022	3	0.679629	4	0.281823	5	0.522733	6	0.590373	7	0.499486	8	0.736764	9	0.464486	10	-0.255711	11	0.513781	12	0.587879	13	-0.347087	14	0.214368	15	0.474396	16	0.0175265	17	-0.031109	18	0.202861	19	0.751102	20	0.371146	21	0.512623	22	0.534088	23	0.0151283	24	0.240061	25	0.0743339	26	-0.147543	27	0.0126664	28	-0.308955	29	0.206314	30	0.726265	31	-0.95509	32	-0.0946885	33	0.656292	34	-0.64815	35	-0.240464	36	0.726231	37	0.302994	38	0.106447	39	0.680254	40	0.68304	41	-0.0730452	42	0.537215	43	0.99689	44	-0.221878	45	0.467983	
-0	-0.437137	-0.21623	-0.49818	-0.445994	-0.458956	-0.299742	-0	-0.262064	-0.382671	0.49828	0	0.605306	0.192575	0.118146	0	0.0905632	0.137493	0.383642	0.136994	0	0.43341	0.559418	0.455696	0.138989	0.06215	0.482553	0	0.477214	1	0.0294773	2	0.483258	3	0.675002	4	0.26261	5	0.522166	6	0.58593	7	0.493828	8	0.765716	9	0.474733	10	-0.276134	11	0.507758	12	0.585578	13	-0.343594	14	0.204627	15	0.471518	16	0.00856305	17	-0.0427723	18	0.197591	19	0.74261	20	0.376995	21	0.506322	22	0.537837	23	0.0155968	24	0.23895	25	0.0608972	26	-0.168224	27	0.00572396	28	-0.310441	29	0.196539	30	0.722911	31	-0.859273	32	-0.170975	33	0.672612	34	-0.610476	35	-0.314531	36	0.759801	37	0.315387	38	0.10188	39	0.674378	40	0.688398	41	-0.0698489	42	0.528727	43	0.89137	44	-0.175114	45	0.429418	
-0	-0	-0	-0	-0	-0	-0	-0	-0.223969	-0	0	0	0	0	0	0	0	0	0.301468	0	0	0	0	0.289108	0.0336219	0.140122	0	0	0.108605	1	0.0288403	2	0.48872	3	0.668291	4	0.269364	5	0.525752	6	0.580053	7	0.491901	8	0.771051	9	0.475676	10	-0.268755	11	0.514689	12	0.580259	13	-0.321847	14	0.193207	15	0.466145	16	0.022762	17	-0.0415025	18	0.203866	19	0.745306	20	0.376303	21	0.500201	22	0.532992	23	0.00953182	24	0.23906	25	0.0931472	26	-0.149051	27	0.00535706	28	-0.325215	29	0.204692	30	0.716195	31	-0.956782	32	-0.107836	33	0.678781	34	-0.709694	35	-0.172989	36	0.661945	37	0.317036	38	0.105306	39	0.666497	40	0.702785	41	-0.0696688	42	0.532147	43	0.920067	44	-0.195313	45	0.457968	
-0	-0	-0	-0	-0	-0	-0	-0	-0	-0	0	0	0	0	0	0	0	0	0	0	0	0	0	0	0	0	0	0	0.0311581	1	0.0321495	2	0.476331	3	0.672132	4	0.260507	5	0.52327	6	0.579316	7	0.49079	8	0.77209	9	0.476754	10	-0.280227	11	0.505311	12	0.574821	13	-0.327771	14	0.189916	15	0.458705	16	0.0226077	17	-0.0418389	18	0.197236	19	0.744384	20	0.38212	21	0.504067	22	0.530366	23	0.0105205	24	0.242892	25	0.0676402	26	-0.160647	27	0.0100316	28	-0.31812	29	0.183487	30	0.721807	31	-0.946113	32	-0.128757	33	0.686593	34	-0.700081	35	-0.1795	36	0.671615	37	0.334837	38	0.0906318	39	0.677724	40	0.694846	41	-0.0590602	42	0.522871	43	0.951284	44	-0.160531	45	0.503412	
-0.129243	-0	-0.126861	-0.180881	-0	-0	-0.215171	-0.25173	-0	-0	0	0.157192	0	0	0	0.151045	0.0244149	0	0	0.180802	0.0756647	0	0	0	0	0	0	0.590522	0	1	0.0280194	2	0.481303	3	0.667777	4	0.273303	5	0.520953	6	0.580474	7	0.494726	8	0.768054	9	0.473877	10	-0.266064	11	0.511663	12	0.578869	13	-0.336532	14	0.193063	15	0.464909	16	0.0320617	17	-0.0381129	18	0.199087	19	0.749223	20	0.369948	21	0.502358	22	0.534593	23	0.00791763	24	0.240377	25	0.0801969	26	-0.158327	27	0.00746219	28	-0.328693	29	0.197538	30	0.713567	31	-0.820973	32	-0.182779	33	0.673956	34	-0.474128	35	-0.333187	36	0.833826	37	0.31136	38	0.0963082	39	0.666182	40	0.705244	41	-0.0726084	42	0.52945	43	0.981171	44	-0.199085	45	0.487017	
-0	-0	-0	-0	-1	-0	-0	-0	-0	-0.522515	-0	0	0	0.71586	0	0	0	0	0	0.26237	0	1	1	0	0	0	0	0.00894952	0	1	-0.598746	2	0.610895	3	0.79977	4	-0.326135	5	0.634872	6	0.769436	7	-0.108159	8	0.978752	9	0.74809	10	-0.662288	11	0.55208	12	0.772544	13	-0.595182	14	0.141293	15	0.739469	16	-0.670643	17	-0.0319736	18	0.400399	19	0.13373	20	0.557395	21	0.677216	22	0.0949486	23	0.0367425	24	0.501757	25	0.251275	26	-0.354848	27	0.339393	28	-0.703711	29	0.276517	30	0.785767	31	-0.864136	32	-0.111771	33	0.748216	34	-0.622305	35	-0.312841	36	0.86359	37	-0.0934354	38	0.250953	39	0.728725	40	0.0573036	41	-0.105349	42	0.744679	43	0.428619	44	-0.266213	45	0.633552	
-0	-0	-0.35993	-0	-0.417664	-0	-0	-0	-0	-0	-0	0	0	0	0	0	0	0	0	0	0	0.423582	0	0	0	0	0	0	0	1	-0.608462	2	0.596922	3	0.798516	4	-0.340524	5	0.607348	6	0.765118	7	-0.10505	8	0.974332	9	0.749158	10	-0.675558	11	0.526451	12	0.766081	13	-0.566161	14	0.16728	15	0.739637	16	-0.672099	17	-0.0188786	18	0.395929	19	0.124424	20	0.530591	21	0.675201	22	0.103166	23	0.00268658	24	0.499508	25	0.249833	26	-0.39028	27	0.343191	28	-0.704465	29	0.27627	30	0.786259	31	-0.865981	32	-0.110866	33	0.750185	34	-0.621771	35	-0.282793	36	0.886529	37	-0.0960611	38	0.251855	39	0.732173	40	0.0620322	41	-0.106509	42	0.741634	43	0.405641	44	-0.217637	45	0.640914	
-0	-0	-0	-0.175846	-0	-0	-0	-0	-0	-0	-0.277982	0	0	0	0	0.390888	0	0	1	0	0	1	1	0	0	0	0.10769	0	0.237407	1	-0.593374	2	0.592124	3	0.800634	4	-0.308552	5	0.621974	6	0.765869	7	-0.0906766	8	0.961185	9	0.761959	10	-0.643018	11	0.547052	12	0.772836	13	-0.578019	14	0.148846	15	0.745399	16	-0.683976	17	-0.0340634	18	0.402506	19	0.140658	20	0.536699	21	0.670079	22	0.11435	23	0.0142444	24	0.499581	25	0.251808	26	-0.371117	27	0.352178	28	-0.717039	29	0.260514	30	0.794244	31	-0.884595	32	-0.147435	33	0.757865	34	-0.623402	35	-0.309788	36	0.826974	37	-0.0945405	38	0.227211	39	0.731165	40	0.0567971	41	-0.111243	42	0.745182	43	0.476261	44	-0.319293	45	0.706444	
-0.0989205	-0	-0	-0	-0.40923	-0	-0	-0	-0.10335	-1	-0	0.319172	0	0	0.252258	0	0.144305	0.341114	0	0	0	0	0	0	0.454353	0	1	0	0	1	-0.585385	2	0.580786	3	0.801429	4	-0.297385	5	0.606402	6	0.766354	7	-0.0928155	8	0.957165	9	0.764223	10	-0.644459	11	0.535439	12	0.773328	13	-0.585975	14	0.127622	15	0.747093	16	-0.686966	17	-0.0437018	18	0.398582	19	0.164958	20	0.518172	21	0.670535	22	0.114233	23	0.0208018	24	0.50473	25	0.248835	26	-0.360882	27	0.355048	28	-0.718962	29	0.256589	30	0.795186	31	-0.881591	32	-0.130057	33	0.753939	34	-0.54909	35	-0.343293	36	0.911099	37	-0.0885905	38	0.220205	39	0.732389	40	0.0509261	41	-0.115182	42	0.747054	43	0.238755	44	-0.23014	45	0.691213	
-0	-0.350313	-0	-0.287758	-0	-1	-0.351094	-0.232786	-1	-0	-0.220298	0	0.485166	0	0	0	0	0	0.153054	0	0.0670578	0	0.262429	0.360584	0	0.206514	1	0.445876	0.451254	1	-0.579004	2	0.573984	3	0.802838	4	-0.279013	5	0.595307	6	0.76313	7	-0.0978694	8	0.96291	9	0.768508	10	-0.634881	11	0.537868	12	0.764044	13	-0.591662	14	0.121066	15	0.761786	16	-0.665541	17	-0.0492056	18	0.407108	19	0.187555	20	0.492497	21	0.673359	22	0.112933	23	0.0252945	24	0.500439	25	0.241904	26	-0.340799	27	0.348673	28	-0.729071	29	0.261601	30	0.79756	31	-0.883385	32	-0.132577	33	0.743986	34	-0.576396	35	-0.335935	36	0.874637	37	-0.0914448	38	0.211105	39	0.742287	40	0.0581184	41	-0.121654	42	0.753644	43	0.310894	44	-0.229576	45	0.673137	
-0	-0	-0	-0.292707	-0	-0.245875	-0	-0	-0	-0	-0	0	0	0	0	0	0	0	0	0	0	0	0	0	0	0	1	0	0	1	-0.588693	2	0.582919	3	0.803495	4	-0.292159	5	0.599326	6	0.770584	7	-0.0980969	8	0.968242	9	0.767918	10	-0.638996	11	0.539268	12	0.766763	13	-0.592935	14	0.132753	15	0.755784	16	-0.684749	17	-0.0356936	18	0.401471	19	0.167403	20	0.499141	21	0.685038	22	0.109647	23	0.00390984	24	0.506812	25	0.237499	26	-0.366137	27	0.359823	28	-0.729347	29	0.271149	30	0.788121	31	-0.901241	32	-0.111728	33	0.739539	34	-0.550288	35	-0.290118	36	0.902209	37	-0.0966524	38	0.22401	39	0.738807	40	0.0651892	41	-0.121438	42	0.74519	43	0.366069	44	-0.297414	45	0.767914	
-0	-0	-0	-0	-0	-0	-0	-0	-0	-0	-0	-0	0	1	0.471963	0	0	1	0	0	0	0	0	0	0.00403162	0	0	0	0	1	-0.69025	2	0.670455	3	0.804586	4	-0.577126	5	0.829032	6	0.770237	7	-0.476233	8	0.926909	9	0.708689	10	-0.727133	11	0.641017	12	0.849633	13	-0.640325	14	0.140611	15	0.824699	16	-0.726238	17	0.0144847	18	0.463574	19	-0.271007	20	0.853509	21	0.603865	22	0.12961	23	0.294941	24	0.309867	25	-0.302181	26	-0.125472	27	0.147307	28	-0.568184	29	0.163193	30	0.848336	31	0.446188	32	-0.170318	33	0.873759	34	0.981072	35	-0.227183	36	0.768091	37	-0.0644737	38	0.236906	39	0.684603	40	-0.558368	41	-0.201125	42	0.611371	43	-0.507717	44	-0.437653	45	0.53821	
-0	-0	-0	-0	-0	-0	-0	-0	-0	-0	-0	-0	0	0.0398614	0	0	0	0.163035	0	0	0	0	0	0	0	0	0	0	0	1	-0.690026	2	0.666698	3	0.803692	4	-0.574295	5	0.825862	6	0.76924	7	-0.469307	8	0.923315	9	0.70741	10	-0.72471	11	0.63923	12	0.848943	13	-0.62911	14	0.14279	15	0.827875	16	-0.721837	17	0.0090962	18	0.468295	19	-0.268904	20	0.849063	21	0.602619	22	0.131664	23	0.298013	24	0.309562	25	-0.300534	26	-0.121886	27	0.147024	28	-0.569863	29	0.16046	30	0.847785	31	0.454218	32	-0.169842	33	0.86619	34	0.984431	35	-0.23082	36	0.769073	37	-0.0670125	38	0.232669	39	0.683659	40	-0.555688	41	-0.202906	42	0.607523	43	-0.499491	44	-0.43935	45	0.540163	
-0.103383	-0.210259	-0	-0	-0	-0	-0	-0.244078	-0	-0	-0	-0	0	0	0	0	0.230108	0	0	0	0	0	0	0	0	0	0	0	0	1	-0.654129	2	0.661909	3	0.793781	4	-0.541883	5	0.8223	6	0.758301	7	-0.440316	8	0.921783	9	0.696217	10	-0.712195	11	0.638574	12	0.835421	13	-0.61098	14	0.152808	15	0.830817	16	-0.712958	17	0.00232911	18	0.470902	19	-0.222662	20	0.842494	21	0.594742	22	0.137453	23	0.307041	24	0.305765	25	-0.292001	26	-0.115519	27	0.141721	28	-0.553985	29	0.157299	30	0.837427	31	0.458893	32	-0.175482	33	0.866932	34	1	35	-0.227634	36	0.765583	37	-0.0346854	38	0.226093	39	0.677118	40	-0.538085	41	-0.204755	42	0.598889	43	-0.497973	44	-0.440582	45	0.55483	
-0	-0	-0.189671	-0	-0.390815	-0.261922	-0	-0	-0.244789	-0.422241	-0	-0.319172	0	0	0	0	0	0	0	0	0	0	0	0	0.217173	0	0.311654	0	0	1	-0.670821	2	0.665892	3	0.790855	4	-0.542545	5	0.830099	6	0.751188	7	-0.436977	8	0.93024	9	0.685614	10	-0.710045	11	0.655686	12	0.830508	13	-0.614669	14	0.153815	15	0.819463	16	-0.711781	17	0.00455901	18	0.46046	19	-0.227106	20	0.838613	21	0.585849	22	0.132276	23	0.299076	24	0.299164	25	-0.303282	26	-0.123827	27	0.13902	28	-0.574999	29	0.16328	30	0.84044	31	0.45337	32	-0.166709	33	0.857699	34	0.980157	35	-0.231538	36	0.764279	37	-0.0607326	38	0.219539	39	0.677224	40	-0.544422	41	-0.209672	42	0.59686	43	-0.493944	44	-0.444328	45	0.556373	
-0	-0	-0	-0.246098	-0	-0	-0.207566	-0	-0	-0	-0.157192	-0	0.186839	0	0	0.133834	0	0	0.219323	0.162685	0.062108	0.256913	0.251304	0.130039	0	0.110427	0	0.283366	0.195343	1	-0.655272	2	0.663928	3	0.786665	4	-0.538535	5	0.827906	6	0.745157	7	-0.434903	8	0.926219	9	0.677181	10	-0.711118	11	0.653582	12	0.823309	13	-0.625873	14	0.151575	15	0.816403	16	-0.713506	17	0.00569635	18	0.456225	19	-0.217572	20	0.836548	21	0.581257	22	0.130921	23	0.299955	24	0.298523	25	-0.302006	26	-0.123659	27	0.138456	28	-0.559389	29	0.161872	30	0.837471	31	0.461571	32	-0.170418	33	0.861416	34	0.987853	35	-0.232872	36	0.767272	37	-0.0382798	38	0.218234	39	0.675969	40	-0.53754	41	-0.213109	42	0.60326	43	-0.480884	44	-0.447082	45	0.553444	
-0.154236	-1	-0	-0.183199	-0.386994	-0	-1	-0.39399	-0	-0.344275	-0	-0	-0.186839	0.187033	0.135688	0	0.13699	0.157713	0.548623	0.515588	0	0.455998	0.0610622	0	0	0	0	0.728233	0	1	0.160089	2	0.53402	3	0.885735	4	0.435581	5	0.543316	6	0.869761	7	0.506573	8	0.852513	9	0.879204	10	-0.104324	11	0.502302	12	0.891112	13	-0.316579	14	0.170504	15	0.894425	16	-0.672666	17	0.0568588	18	0.613685	19	0.836594	20	0.426898	21	0.754762	22	0.567419	23	0.21504	24	0.446838	25	0.46268	26	0.578066	27	0.392294	28	-0.248363	29	0.246606	30	0.866368	31	-0.486345	32	-0.0842569	33	0.791551	34	-0.488958	35	-0.215361	36	0.725134	37	0.332602	38	0.182624	39	0.78332	40	0.292257	41	-0.190128	42	0.843343	43	0.317371	44	-0.350515	45	0.862003	
-0	-0.00420765	-0	-0	-0	-0	-0	-0	-0	-0	-0	-0	-0	0	0	0	0	0	0	0	0	0	0	0	0	0	0	0	0	1	0.160302	2	0.514118	3	0.890568	4	0.464147	5	0.509427	6	0.875248	7	0.501214	8	0.853275	9	0.886452	10	-0.0733223	11	0.487464	12	0.893491	13	-0.343657	14	0.194813	15	0.909242	16	-0.676104	17	0.0524672	18	0.612557	19	0.848293	20	0.374415	21	0.762991	22	0.525361	23	0.161309	24	0.451778	25	0.446273	26	0.521875	27	0.40521	28	-0.28615	29	0.251825	30	0.870407	31	-0.52977	32	-0.096004	33	0.77668	34	-0.490468	35	-0.182857	36	0.716114	37	0.322536	38	0.168663	39	0.787188	40	0.296435	41	-0.210649	42	0.849912	43	0.325444	44	-0.362433	45	0.874838	
-0	-0.698817	-0.272003	-0.923979	-0	-0.44702	-0.258506	-0	-0.90964	-0.0653916	-0.605306	-0.485166	-0	0	0.00553465	0.770959	0	0	0.397799	0	0.0701836	0	0.406932	0.663818	0.231997	0.16474	0.500877	0	0.625636	1	0.160302	2	0.514118	3	0.890568	4	0.464147	5	0.509427	6	0.875248	7	0.501214	8	0.853275	9	0.886452	10	-0.0733223	11	0.487464	12	0.893491	13	-0.343657	14	0.194813	15	0.909242	16	-0.676104	17	0.0524672	18	0.612557	19	0.848293	20	0.374415	21	0.762991	22	0.525361	23	0.161309	24	0.451778	25	0.446273	26	0.521875	27	0.40521	28	-0.28615	29	0.251825	30	0.870407	31	-0.52977	32	-0.096004	33	0.77668	34	-0.490468	35	-0.182857	36	0.716114	37	0.322536	38	0.168663	39	0.787188	40	0.296435	41	-0.210649	42	0.849912	43	0.325444	44	-0.362433	45	0.874838	
-0.0266654	-0.13497	-0.170114	-0.249196	-0.432251	-0.299323	-0.153419	-0.0986744	-0.247542	-0.348741	-0.192575	-0.68759	-0.0398614	-0.170827	0.059117	0.170501	0.0146354	0.125934	0.35116	0.163593	0.0400155	0.787014	0.620844	0.134976	0.17394	0.0991668	0.461027	0.171514	0.23603	1	-0.914381	2	0.653415	3	0.770034	4	-0.951412	5	0.72169	6	0.733705	7	-0.953447	8	0.744659	9	0.670194	10	-0.968144	11	0.481469	12	0.799692	13	-0.855446	14	0.10037	15	0.761668	16	-0.993878	17	0.0321745	18	0.447819	19	-0.664615	20	0.81842	21	0.5822	22	0.0784034	23	0.354845	24	0.35019	25	0.193275	26	-0.105928	27	0.182253	28	-0.547475	29	0.189499	30	0.80489	31	-0.746008	32	-0.0968021	33	0.61452	34	-0.636586	35	-0.310165	36	0.566908	37	-0.0906523	38	0.337552	39	0.665716	40	-0.161573	41	-0.0881531	42	0.843331	43	0.719469	44	-0.190086	45	0.685876	
-0.0465311	-0.024827	-0.0177081	-0.0176034	-0.134103	-0.0320551	-0.0289756	-0.0765374	-0.0467371	-0.152743	-0	-0.0282695	-1	-0.0162059	0.348996	0	0.146545	0.868046	0	0.00248931	0.0187638	0	0	0	0.113271	0.0161478	0.081396	0.0513527	0	1	-1	2	0.662421	3	0.786434	4	-0.995912	5	0.743372	6	0.74026	7	-0.970897	8	0.777071	9	0.66648	10	-1	11	0.5242	12	0.810973	13	-0.861667	14	0.0723652	15	0.76793	16	-1	17	0.0135659	18	0.451832	19	-0.706753	20	0.813267	21	0.583833	22	0.0670836	23	0.346841	24	0.351747	25	0.189004	26	-0.108849	27	0.180144	28	-0.632416	29	0.199396	30	0.834204	31	0.227665	32	-0.101066	33	0.842388	34	0.628714	35	-0.197985	36	0.726784	37	-0.176236	38	0.319615	39	0.688366	40	-0.804931	41	-0.0871241	42	0.647572	43	-0.714641	44	-0.299782	45	0.513928	
-0	-0.138479	-0	-0	-0	-0	-0	-0	-0.203821	-0	-0.118146	-0.252258	-0	-0.141223	-0.399165	0.113821	0.198575	0.132619	0.161968	0	0.0430347	0	0	0	0.30344	0.0954648	0.253572	0	0.000689753	1	-0.929081	2	0.796578	3	0.820411	4	-0.51507	5	0.890038	6	0.8138	7	-0.199629	8	0.938236	9	0.779961	10	-0.650191	11	0.717571	12	0.899286	13	-0.976509	14	0.723475	15	0.794866	16	-0.871504	17	0.773841	18	0.582564	19	-0.259553	20	0.889905	21	0.639316	22	-0.476147	23	0.273204	24	0.262478	25	-0.988048	26	0.32637	27	0.197169	28	-0.920739	29	0.327275	30	0.835783	31	-0.349675	32	-0.0526708	33	0.913918	34	0.21668	35	-0.190949	36	0.811493	37	-0.508128	38	0.380026	39	0.669859	40	-0.989138	41	-0.0746714	42	0.648513	43	-0.853514	44	-0.293756	45	0.513573	
-0.0816946	-0	-0.165646	-0.164041	-0.322441	-0.216906	-0.145676	-0.214998	-0	-0.375781	-0	-0	-0.471963	-0	-0.00894737	0	0	1	0	0.156559	0	0.191888	0.19828	0	0	0	0	0.162779	0.189562	1	-0.935265	2	0.807798	3	0.823399	4	-0.519478	5	0.896743	6	0.820268	7	-0.198556	8	0.94108	9	0.789495	10	-0.653082	11	0.717618	12	0.905114	13	-0.975454	14	0.723488	15	0.789541	16	-0.874431	17	0.776608	18	0.582874	19	-0.264111	20	0.903656	21	0.646077	22	-0.479373	23	0.277057	24	0.260275	25	-0.994962	26	0.325439	27	0.196897	28	-0.925703	29	0.336136	30	0.834656	31	-0.336741	32	-0.0440661	33	0.912744	34	0.220653	35	-0.183991	36	0.80643	37	-0.513441	38	0.396723	39	0.669474	40	-0.968002	41	-0.0642533	42	0.642474	43	-0.834634	44	-0.28581	45	0.507159	
-0	-0	-0	-0	-0	-0	-0	-0	-0	-0	-0	-0	-0	-0	-0	0	0	0	0	0	0	0	0	0.106595	0	0	0	0	0	1	-0.942108	2	0.81557	3	0.823368	4	-0.496512	5	0.916886	6	0.806785	7	-0.159671	8	0.978422	9	0.763871	10	-0.628812	11	0.763336	12	0.896329	13	-1	14	0.723431	15	0.792329	16	-0.879191	17	0.77304	18	0.576158	19	-0.253753	20	0.891853	21	0.628711	22	-0.490345	23	0.269046	24	0.263186	25	-1	26	0.324504	27	0.197766	28	-0.94826	29	0.34779	30	0.851711	31	-0.365763	32	-0.0393997	33	0.910569	34	0.206266	35	-0.181377	36	0.808975	37	-0.550199	38	0.375398	39	0.680376	40	-0.989507	41	-0.0762496	42	0.644754	43	-0.830355	44	-0.295071	45	0.511085	
-0	-0.503268	-0.265796	-0	-0	-0.405695	-0	-0	-0.554307	-0	-0	-0	-0	-0.292321	-0	-0	0	0	0.566897	0	0	0.383403	0.145349	0.617671	0.250181	0.134045	0	0	0.522014	1	-0.0131317	2	0.480702	3	0.995188	4	0.236199	5	0.498656	6	0.951781	7	0.538031	8	0.829622	9	0.934987	10	-0.319266	11	0.474698	12	0.949193	13	-0.577583	14	0.778414	15	0.874056	16	-0.197314	17	0.787622	18	0.654978	19	0.752846	20	0.367117	21	0.855903	22	0.685501	23	0.0905174	24	0.671731	25	0.969545	26	0.0404063	27	0.621407	28	-0.357377	29	0.204892	30	0.985372	31	-0.759231	32	-0.166423	33	0.96915	34	-0.689971	35	-0.321622	36	0.949372	37	0.28506	38	0.125102	39	0.93098	40	0.527129	41	-0.206186	42	0.929804	43	0.869727	44	-0.323213	45	0.829924	
-0.000214204	-0	-0	-0.66037	-0.341749	-0	-0.311708	-0.278147	-0	-0.29606	-0.191222	-0.390888	-0.133834	-0.478638	-0.170501	-0.113821	0.100182	0.114335	0	0.467123	0.0622641	0.0145194	0.296702	0	0	0	0.423882	0.390988	0	1	-0.0128203	2	0.483176	3	0.994374	4	0.237037	5	0.507478	6	0.950846	7	0.545838	8	0.832663	9	0.934632	10	-0.316968	11	0.482215	12	0.948828	13	-0.583381	14	0.777621	15	0.877244	16	-0.199947	17	0.781945	18	0.651214	19	0.751168	20	0.37652	21	0.854462	22	0.682774	23	0.0945884	24	0.669857	25	0.967514	26	0.0423204	27	0.617407	28	-0.359	29	0.20158	30	0.985131	31	-0.763911	32	-0.172192	33	0.956379	34	-0.633368	35	-0.367649	36	0.985113	37	0.286193	38	0.121697	39	0.929917	40	0.503006	41	-0.213541	42	0.930099	43	0.884619	44	-0.332223	45	0.830965	
-0	-0	-0	-0	-0	-0	-0	-0	-0	-0	-0.277803	-0	-0	-0	-0	-0	0	0	0	0	0	0	0	0	0	0	0	0	0	1	-0.0135	2	0.473924	3	0.991753	4	0.232185	5	0.495997	6	0.949664	7	0.53581	8	0.834363	9	0.931104	10	-0.332098	11	0.470745	12	0.946337	13	-0.589696	14	0.764384	15	0.870167	16	-0.187823	17	0.785512	18	0.649296	19	0.763532	20	0.366247	21	0.85461	22	0.701876	23	0.0909237	24	0.665632	25	0.968692	26	0.0586862	27	0.616173	28	-0.366775	29	0.195727	30	0.980401	31	-0.759339	32	-0.171745	33	0.960598	34	-0.699801	35	-0.289048	36	0.960758	37	0.300704	38	0.116709	39	0.926618	40	0.520481	41	-0.21433	42	0.936738	43	0.959522	44	-0.354419	45	0.862524	
-0.135232	-0	-0	-0	-0	-0	-0.164837	-0	-0	-0	-0	-0	-0	-0	-0	-0	0	0	0	0	0	0	0	0	0	0	0	0	0	1	0.000946911	2	0.487318	3	0.994181	4	0.263533	5	0.513308	6	0.952134	7	0.531528	8	0.839253	9	0.929753	10	-0.293314	11	0.494	12	0.951172	13	-0.585024	14	0.772463	15	0.878213	16	-0.188232	17	0.785829	18	0.646007	19	0.76944	20	0.374791	21	0.854659	22	0.692706	23	0.0805239	24	0.663481	25	1	26	0.0435578	27	0.618251	28	-0.374902	29	0.207344	30	0.984682	31	-0.754003	32	-0.150792	33	0.981003	34	-0.606751	35	-0.277337	36	0.938729	37	0.296832	38	0.119342	39	0.926939	40	0.553403	41	-0.200212	42	0.92333	43	0.924846	44	-0.353344	45	0.847708	
-0	-0	-0.175114	-0	-0.155445	-0.156955	-0	-0	-0	-0.167922	-0	-0.144305	-0.230108	-0	-0.16118	-0.198575	-0	0.197166	0	0	0	0.123075	0.138215	0	0	0	0.182295	0	0	1	-0.30398	2	0.260401	3	0.85157	4	-0.148475	5	0.39349	6	0.818875	7	-0.0148993	8	0.476516	9	0.758612	10	0.181406	11	0.325544	12	0.909669	13	0.389816	14	0.570216	15	0.948147	16	0.350437	17	-0.0765862	18	0.822879	19	-0.740447	20	0.324397	21	0.638978	22	-1	23	0.350672	24	0.367926	25	-0.99189	26	0.575652	27	0.438112	28	0.104941	29	-0.0868787	30	0.899028	31	0.537575	32	-0.348222	33	0.801598	34	0.317011	35	-0.475437	36	0.668793	37	-0.375728	38	-0.121738	39	0.72068	40	-0.745756	41	-0.392735	42	0.651351	43	-0.655341	44	-0.545738	45	0.59456	
-0.163271	-0.157875	-0	-0.148948	-0	-0	-0.13912	-0.235154	-0.138006	-0	-0.114978	-0	-0	-0.13699	-0	-0	-0.100182	0	0.1309	0.127967	0	0	0	0.115387	0.139135	0.0267583	0	0.168702	0.16472	1	-0.26537	2	0.253965	3	0.846165	4	-0.0849287	5	0.388644	6	0.81427	7	0.0638496	8	0.473114	9	0.754898	10	0.221177	11	0.311026	12	0.905545	13	0.404252	14	0.613163	15	0.948057	16	0.349713	17	-0.0453671	18	0.815852	19	-0.67195	20	0.331336	21	0.634138	22	-0.986463	23	0.385669	24	0.360946	25	-0.953571	26	0.598974	27	0.436508	28	0.0898237	29	-0.0972446	30	0.888746	31	0.527152	32	-0.356407	33	0.794473	34	0.316277	35	-0.482561	36	0.664888	37	-0.357644	38	-0.123882	39	0.718867	40	-0.777322	41	-0.38788	42	0.643713	43	-0.683349	44	-0.542103	45	0.587232	
-0	-0	-0	-0	-0	-0	-0	-0	-0	-0	-0	-0	-0	-0	-0	-0	-0	0	0	0	0	0	0	0	0	0.0916143	0	0	0	1	-0.265215	2	0.239158	3	0.843237	4	-0.103894	5	0.374668	6	0.80934	7	0.0325871	8	0.460107	9	0.748359	10	0.20595	11	0.306903	12	0.90171	13	0.411324	14	0.61094	15	0.947213	16	0.348505	17	-0.046731	18	0.813972	19	-0.687509	20	0.307366	21	0.628392	22	-0.980363	23	0.38291	24	0.358854	25	-0.946207	26	0.596875	27	0.435839	28	0.11013	29	-0.105323	30	0.890651	31	0.537511	32	-0.362013	33	0.795075	34	0.312996	35	-0.486964	36	0.664211	37	-0.345142	38	-0.140902	39	0.715555	40	-0.762791	41	-0.401835	42	0.645435	43	-0.670442	44	-0.552553	45	0.588894	
-0	-0	-0	-0	-0	-0	-0	-0	-0	-0	-0	-0	-0	-0	-0	-0	-0	0	0	0	0.0681372	0	0	0	0	0	0	0	0	1	-0.258344	2	0.230008	3	0.840909	4	-0.0969656	5	0.367231	6	0.804964	7	0.0384257	8	0.454146	9	0.742476	10	0.222826	11	0.306125	12	0.894694	13	0.40552	14	0.613942	15	0.949428	16	0.348965	17	-0.0448795	18	0.812911	19	-0.698284	20	0.292962	21	0.626802	22	-0.992927	23	0.401449	24	0.362762	25	-0.942818	26	0.601132	27	0.441433	28	0.122251	29	-0.110323	30	0.888479	31	0.550232	32	-0.365438	33	0.792658	34	0.318694	35	-0.489621	36	0.661608	37	-0.349617	38	-0.153496	39	0.717484	40	-0.76419	41	-0.40569	42	0.63907	43	-0.671685	44	-0.55544	45	0.582748	
-0.081059	-0.157807	-0.177129	-0.205873	-0.422811	-0.251665	-0.167426	-0.188785	-0.236763	-0.522316	-0.137493	-0.341114	-1	-0.157713	-0	-0	-0.114335	-0.197166	0.199584	0.144813	0.0494009	0.256708	0.252568	0.116532	0	0.107321	0.307258	0.208817	0.19834	1	-0.870773	2	0.856462	3	0.734156	4	-0.634538	5	0.908842	6	0.759532	7	-0.4452	8	0.9196	9	0.747538	10	-0.789507	11	0.661214	12	0.816709	13	-0.734629	14	0.1744	15	0.877209	16	-0.890857	17	-0.0589449	18	0.555691	19	-0.294423	20	0.99429	21	0.615285	22	-0.258686	23	0.274096	24	0.212218	25	-0.677525	26	-0.0518165	27	0.0173933	28	-0.78044	29	0.365164	30	0.699797	31	-0.197644	32	-0.00161739	33	0.86187	34	0.450018	35	-0.119221	36	0.784691	37	-0.274077	38	0.508804	39	0.573642	40	-0.907229	41	0.0116066	42	0.628335	43	-0.618252	44	-0.238636	45	0.5656	
-0	-0	-0	-0	-0	-0	-0	-0	-0	-0	-0	-0	-0.163035	-0	-0	-0	-0	-0	0	0	0	0	0	0	0	0	0	0	0	1	-0.871453	2	0.85604	3	0.735494	4	-0.638645	5	0.91212	6	0.758485	7	-0.451608	8	0.922191	9	0.743397	10	-0.790302	11	0.665314	12	0.816853	13	-0.734284	14	0.173553	15	0.876811	16	-0.8897	17	-0.0596176	18	0.555587	19	-0.301433	20	0.996262	21	0.613133	22	-0.257398	23	0.273786	24	0.210817	25	-0.677077	26	-0.0524489	27	0.0169729	28	-0.776354	29	0.362558	30	0.704346	31	-0.211099	32	-0.000196466	33	0.87541	34	0.441407	35	-0.118464	36	0.798484	37	-0.273139	38	0.50449	39	0.57663	40	-0.924026	41	0.0115311	42	0.637699	43	-0.635063	44	-0.238747	45	0.572612	
-0	-0	-0	-0	-0	-0	-0	-0	-0	-0	-0	-0	-0	-0	-0	-0.580607	-0	-0	0	0	0	0	0	0	0.254467	0	0	0	0	1	-0.879465	2	0.859922	3	0.738516	4	-0.645862	5	0.918789	6	0.759662	7	-0.45795	8	0.928459	9	0.742764	10	-0.796727	11	0.673889	12	0.818071	13	-0.741176	14	0.171735	15	0.871542	16	-0.890112	17	-0.0559394	18	0.543622	19	-0.306434	20	1	21	0.614211	22	-0.256948	23	0.261629	24	0.213419	25	-0.677462	26	-0.0536849	27	0.0185849	28	-0.782788	29	0.36476	30	0.70924	31	-0.219461	32	-0.00246175	33	0.874777	34	0.432523	35	-0.120085	36	0.792719	37	-0.277395	38	0.503639	39	0.581365	40	-0.924539	41	0.00985198	42	0.633321	43	-0.641636	44	-0.240434	45	0.578288	
-0	-0	-0	-0	-0	-0	-0	-0	-0	-0	-0	-0	-0	-0	-0.99398	-0.552011	-0	-0	0	0	0	0	0	0	0	0	0	0	0	1	-0.927816	2	0.84427	3	0.74742	4	-0.672327	5	0.907878	6	0.766297	7	-0.465806	8	0.926984	9	0.749174	10	-0.806671	11	0.668069	12	0.828825	13	-0.730573	14	0.179252	15	0.881651	16	-0.867131	17	-0.0794195	18	0.565398	19	-0.344592	20	0.984318	21	0.61651	22	-0.263958	23	0.258733	24	0.211969	25	-0.68018	26	-0.0600632	27	0.0190953	28	-0.822815	29	0.351182	30	0.722954	31	-0.204673	32	-0.00621211	33	0.881597	34	0.434878	35	-0.121909	36	0.789238	37	-0.331615	38	0.484368	39	0.589484	40	-0.954245	41	-0.00611924	42	0.634571	43	-0.646618	44	-0.251352	45	0.580363	
-0	-0	-0	-0	-0	-0	-0	-0	-0	-0	-0	-0.153054	-0	-0	-0	-0	-0	-0	-0	0	0.0709934	0	0.973687	0	0	0.178533	0.562464	0	0.00649919	1	-0.141442	2	0.597425	3	0.902744	4	-0.0341428	5	0.712407	6	0.87741	7	0.0364695	8	0.788311	9	0.81708	10	-0.473406	11	0.570157	12	0.892746	13	-0.4749	14	0.0918222	15	0.784429	16	-0.53171	17	-0.100282	18	0.43456	19	0.43954	20	0.695964	21	0.767868	22	0.585145	23	0.283266	24	0.597977	25	0.146783	26	-0.183645	27	0.437213	28	-0.324236	29	0.163991	30	0.88948	31	-0.635797	32	-0.170888	33	0.772905	34	-0.995115	35	-0.257524	36	0.555792	37	0.345793	38	0.192027	39	0.812231	40	0.360968	41	-0.220988	42	0.864626	43	0.400082	44	-0.410013	45	0.858458	
-0	-0.722536	-0	-0	-0	-0	-0	-0	-0	-0	-0.68511	-0	-0	-0.946422	-0	-0	-0.566897	-0	-0	0	0	0	0	0.565053	0	0	0	0	1	1	-0.143269	2	0.599762	3	0.902462	4	-0.0325254	5	0.715223	6	0.876828	7	0.0418505	8	0.79279	9	0.816628	10	-0.47321	11	0.574575	12	0.89165	13	-0.478037	14	0.0899077	15	0.782817	16	-0.529846	17	-0.100557	18	0.433835	19	0.442471	20	0.696614	21	0.767814	22	0.588715	23	0.283769	24	0.59863	25	0.14634	26	-0.179858	27	0.436227	28	-0.328865	29	0.166467	30	0.889183	31	-0.629059	32	-0.172059	33	0.77609	34	-1	35	-0.255971	36	0.558085	37	0.342408	38	0.19236	39	0.812606	40	0.366973	41	-0.220385	42	0.869606	43	0.400471	44	-0.412347	45	0.850028	
-0.122087	-0	-0.36409	-0.984986	-0.770183	-0.957832	-0	-0	-1	-0.776718	-0	-1	-0.219323	-0	-0.35116	-0.161968	-0	-0.1309	-0.199584	0	0	1	1	0	0.310082	0	0.395209	0	0	1	-0.148386	2	0.607563	3	0.905053	4	-0.0379595	5	0.723409	6	0.878447	7	0.0323714	8	0.80289	9	0.817443	10	-0.474292	11	0.580295	12	0.895808	13	-0.480023	14	0.096171	15	0.786145	16	-0.530241	17	-0.107248	18	0.436708	19	0.43324	20	0.706801	21	0.766885	22	0.57549	23	0.284981	24	0.597116	25	0.152666	26	-0.187828	27	0.436704	28	-0.329546	29	0.171241	30	0.894373	31	-0.618023	32	-0.167631	33	0.778432	34	-0.992816	35	-0.252833	36	0.560492	37	0.337579	38	0.199337	39	0.814433	40	0.38198	41	-0.214843	42	0.874749	43	0.383815	44	-0.409418	45	0.850211	
-0	-0	-0	-1	-0	-0	-0.737037	-0.270102	-0.448203	-0	-0	-0	-0	-0	-0	-0	-0	-0	-0	0.36607	0	0.902317	0	0	0	0	0	0.729937	0	1	-0.142166	2	0.606298	3	0.903764	4	-0.0348303	5	0.721686	6	0.877582	7	0.0339283	8	0.801853	9	0.816822	10	-0.475139	11	0.579567	12	0.891759	13	-0.486656	14	0.0919978	15	0.781692	16	-0.532998	17	-0.102324	18	0.430302	19	0.440694	20	0.704103	21	0.769158	22	0.588363	23	0.284239	24	0.600727	25	0.150613	26	-0.17896	27	0.436419	28	-0.32561	29	0.171096	30	0.890598	31	-0.618024	32	-0.168264	33	0.77586	34	-0.993142	35	-0.25674	36	0.562074	37	0.346291	38	0.198215	39	0.814818	40	0.370289	41	-0.216628	42	0.87083	43	0.401596	44	-0.409456	45	0.852989	
-0.0238991	-0	-0	-0	-0	-0	-0	-0	-0	-0	-0	-0	-0	-0	-0	-0	-0	-0	-0	-0	0	0	0	0	0	0	0	0	0	1	-0.025551	2	0.830539	3	0.821098	4	0.257229	5	0.9123	6	0.825603	7	0.468435	8	0.936313	9	0.803477	10	-0.229353	11	0.769932	12	0.877534	13	-0.524008	14	0.981771	15	0.971682	16	-0.168158	17	0.886666	18	0.786656	19	0.663852	20	0.874725	21	0.683121	22	0.531223	23	0.999953	24	0.42781	25	0.00493253	26	0.9867	27	0.537391	28	-0.371395	29	0.381051	30	0.802761	31	-0.228604	32	-0.0701959	33	0.881432	34	-0.464551	35	-0.287437	36	0.820231	37	0.226487	38	0.398076	39	0.680733	40	0.486616	41	-0.0631947	42	0.678391	43	0.78423	44	-0.261048	45	0.510167	
-0	-0	-0.288357	-0.418209	-0.346496	-0.325658	-0	-0	-0.345329	-0.30537	-0	-0.26237	-0.162685	-0	-0.166082	-0.156559	-0	-0	-0.144813	-0.36607	0	0.296342	0.318951	0	0.181054	0	0.260626	0	0.434462	1	-0.045869	2	0.824119	3	0.821615	4	0.239989	5	0.906973	6	0.825453	7	0.453049	8	0.931082	9	0.803186	10	-0.239821	11	0.765093	12	0.878055	13	-0.532938	14	0.964715	15	0.974212	16	-0.179279	17	0.879141	18	0.790722	19	0.644801	20	0.869398	21	0.682326	22	0.537055	23	0.99475	24	0.422744	25	0.00337746	26	0.980731	27	0.531476	28	-0.384664	29	0.375211	30	0.804397	31	-0.23049	32	-0.0742861	33	0.879602	34	-0.472588	35	-0.29027	36	0.819078	37	0.210694	38	0.391941	39	0.681484	40	0.476198	41	-0.0655951	42	0.674884	43	0.786863	44	-0.262913	45	0.509567	
-0.144969	-0.46284	-0	-0	-0	-0	-0	-0.815583	-0	-0	-0.317797	-0	-0	-0.515588	-0	-0	-0.467123	-0.127967	-0	-0	0.0483933	0	0	0.287485	0	0.0903662	0	0	0	1	-0.032975	2	0.808047	3	0.820798	4	0.254093	5	0.891094	6	0.824698	7	0.464644	8	0.912422	9	0.802762	10	-0.223328	11	0.748025	12	0.880412	13	-0.527199	14	0.97203	15	0.973303	16	-0.171414	17	0.881848	18	0.791114	19	0.648852	20	0.856593	21	0.678587	22	0.532678	23	0.994633	24	0.41934	25	0.00272264	26	0.991324	27	0.527813	28	-0.373079	29	0.361129	30	0.805564	31	-0.20825	32	-0.0838104	33	0.878928	34	-0.471527	35	-0.296659	36	0.817599	37	0.211926	38	0.380429	39	0.678654	40	0.486805	41	-0.0724839	42	0.673862	43	0.783799	44	-0.268537	45	0.506909	
-0	-0	-0	-0	-0	-0	-0.795915	-0	-0	-0	-0	-0	-0	-0	-0	-0	-0	-0	-0	-0	0	0	0	0	0	0	0	0.397075	0	1	-0.0396033	2	0.818392	3	0.828547	4	0.249818	5	0.904548	6	0.829503	7	0.462349	8	0.93393	9	0.80361	10	-0.22482	11	0.762807	12	0.8861	13	-0.530946	14	0.961218	15	0.978384	16	-0.183892	17	0.879405	18	0.792207	19	0.642522	20	0.867068	21	0.682291	22	0.534106	23	0.993623	24	0.424496	25	0.00262997	26	0.988101	27	0.531237	28	-0.377794	29	0.368115	30	0.816752	31	-0.213566	32	-0.0797444	33	0.886434	34	-0.473122	35	-0.292427	36	0.817817	37	0.204821	38	0.384461	39	0.688456	40	0.491794	41	-0.0675546	42	0.680201	43	0.782744	44	-0.261961	45	0.505013	
-0.0503163	-0.00102638	-0	-0	-0	-0	-0	-0	-0	-0	-0	-0	-0	-0	-0	-0	-0	-0	-0	-0	-0	0	0	0	0	0	0	0	0	1	0.302476	2	-0.986358	3	0.826395	4	-0.145549	5	-0.990673	6	0.698521	7	-0.411707	8	-0.982282	9	0.561958	10	-0.407411	11	-0.984651	12	0.779181	13	-0.32086	14	-0.994768	15	0.800995	16	-0.261747	17	-0.989738	18	0.454432	19	0.122004	20	-0.998682	21	0.534536	22	0.352532	23	-0.964128	24	0.252376	25	-0.181777	26	-0.563946	27	0.243575	28	0.506165	29	-0.972525	30	0.964385	31	0.752969	32	-0.981649	33	0.996586	34	0.264605	35	-0.986091	36	0.985703	37	0.982322	38	-0.972909	39	0.804749	40	0.846269	41	-0.981328	42	0.8335	43	0.656077	44	-0.983009	45	0.735235	
-0	-0.0645063	-0	-0	-0.0563414	-0	-0	-0	-0.0594086	-0.0557233	-0	-0.0670578	-0.062108	-0	-0.0585323	-0.0430347	-0	-0	-0.0494009	-0	-0	0	0	0	0.0493743	0.0982113	0	0	0	1	0.257538	2	-0.999242	3	0.819193	4	-0.166875	5	-0.983246	6	0.699759	7	-0.417236	8	-0.957951	9	0.572157	10	-0.41944	11	-0.979957	12	0.780942	13	-0.311191	14	-0.992199	15	0.808236	16	-0.26369	17	-0.989228	18	0.461088	19	0.0971011	20	-0.98886	21	0.535204	22	0.351952	23	-0.96965	24	0.252334	25	-0.184306	26	-0.569389	27	0.24078	28	0.462391	29	-0.999739	30	0.948931	31	0.695106	32	-0.999826	33	0.980879	34	0.230106	35	-0.999868	36	0.970062	37	0.933026	38	-1	39	0.788855	40	0.808926	41	-1	42	0.832638	43	0.66425	44	-0.999282	45	0.748947	
-0	-0	-0	-0.0721184	-0	-0	-0	-0	-0	-0	-0.0756647	-0	-0	-0	-0	-0	-0.0622641	-0	-0	-0.0706056	-0	0	0	0.0618505	0	0	0	0	0	1	0.257068	2	-0.994836	3	0.82428	4	-0.169637	5	-0.981404	6	0.703501	7	-0.414959	8	-0.959089	9	0.574513	10	-0.429339	11	-0.988048	12	0.78053	13	-0.318577	14	-0.983711	15	0.802193	16	-0.255245	17	-0.993977	18	0.458425	19	0.10601	20	-0.97564	21	0.542792	22	0.382105	23	-0.996691	24	0.248938	25	-0.170681	26	-0.587289	27	0.235852	28	0.457982	29	-0.999772	30	0.952578	31	0.689281	32	-0.999848	33	0.984586	34	0.226667	35	-0.999885	36	0.973734	37	0.941029	38	-0.988279	39	0.797715	40	0.822688	41	-0.992489	42	0.847712	43	0.70826	44	-0.994603	45	0.774355	
-0	-0	-0.0531173	-0	-0	-0.0643132	-0.0592614	-0.0694279	-0	-0	-0	-0	-0	-0.0701836	-0.000247038	-0	-0	-0.0681372	-0	-0.000387786	-0.0483933	0.0649438	0.0699983	0	0	0	0.0763663	0.0765943	0.0624207	1	0.256464	2	-1	3	0.822441	4	-0.168913	5	-0.985048	6	0.70226	7	-0.416462	8	-0.963074	9	0.574835	10	-0.421931	11	-0.982489	12	0.782812	13	-0.317286	14	-0.986824	15	0.802033	16	-0.257139	17	-1	18	0.459151	19	0.0966714	20	-0.989622	21	0.53819	22	0.335478	23	-0.937054	24	0.251954	25	-0.201745	26	-0.544447	27	0.248336	28	0.461755	29	-1	30	0.952462	31	0.69427	32	-1	33	0.984468	34	0.229652	35	-1	36	0.973614	37	0.934089	38	-0.999146	39	0.793101	40	0.816019	41	-0.999566	42	0.843535	43	0.707929	44	-1	45	0.772202	
-0.0975654	-0	-0.320316	-0.889683	-0.17277	-0	-0.399938	-0.233332	-0	-0	-0.415473	-0.423582	-0	-0	-0	-0	-0	-0.120373	-0	-0.902317	-0.296342	-0	1	0	0	0	0	0.509645	0	1	-0.433945	2	0.706648	3	0.866051	4	-0.393553	5	0.791354	6	0.854523	7	-0.341147	8	0.824289	9	0.816259	10	-0.72562	11	0.60669	12	0.837476	13	-0.557089	14	0.139067	15	0.761801	16	-0.820774	17	-0.064097	18	0.447001	19	0.0918124	20	0.815934	21	0.777595	22	0.337216	23	0.245843	24	0.641152	25	0.269099	26	-0.262496	27	0.467287	28	-0.440908	29	0.252826	30	0.818275	31	-0.744547	32	-0.157289	33	0.871238	34	-0.834312	35	-0.348865	36	0.80614	37	0.23537	38	0.328013	39	0.78403	40	0.294903	41	-0.117144	42	0.75642	43	0.632759	44	-0.318686	45	0.652311	
-0	-0.353629	-0	-0	-0	-0.197646	-0	-0	-0.795813	-0	-0.0179366	-1	-0	-0.455998	-0	-0	-0.397922	-0	-0	-1	-0	-0.0649438	1	0.321173	0.324627	0.146729	0.0789355	0	0.605305	1	-0.437168	2	0.703931	3	0.865807	4	-0.393456	5	0.788637	6	0.854827	7	-0.337598	8	0.82054	9	0.817055	10	-0.726313	11	0.606406	12	0.83675	13	-0.556895	14	0.137045	15	0.761485	16	-0.820872	17	-0.0646554	18	0.447444	19	0.0930127	20	0.810671	21	0.778883	22	0.338506	23	0.246378	24	0.640468	25	0.267522	26	-0.261783	27	0.467859	28	-0.446136	29	0.251946	30	0.816797	31	-0.753547	32	-0.157445	33	0.873224	34	-0.843819	35	-0.348519	36	0.807318	37	0.231163	38	0.324506	39	0.783891	40	0.298129	41	-0.11946	42	0.757585	43	0.619092	44	-0.322413	45	0.656212	
-0	-0	-0	-0	-1	-0.710252	-0	-0	-0	-0.930057	-0	-1	-0.256913	-0	-0.787014	-0.191888	-0	-0.00270112	-0.256708	-0	-0	-0	1	0	0	0	0.99767	0	0	1	-0.451958	2	0.705617	3	0.865231	4	-0.4057	5	0.790483	6	0.854122	7	-0.349346	8	0.824921	9	0.815278	10	-0.73394	11	0.606286	12	0.838138	13	-0.556746	14	0.136347	15	0.761857	16	-0.819373	17	-0.0640529	18	0.446275	19	0.0797617	20	0.814612	21	0.776181	22	0.336594	23	0.246614	24	0.638493	25	0.262476	26	-0.26053	27	0.462376	28	-0.456214	29	0.252118	30	0.817734	31	-0.751329	32	-0.158197	33	0.871394	34	-0.837673	35	-0.349843	36	0.807994	37	0.219569	38	0.32681	39	0.78214	40	0.303027	41	-0.118111	42	0.759269	43	0.622287	44	-0.320845	45	0.653695	
-0	-0	-0	-0	-0.822277	-0.200757	-0	-0	-0	-0.0634619	-0	-1	-0.251304	-0	-0.620844	-0.19828	-0	-0	-0.252568	-0.973687	-0	-0	-1	0	0.329992	0	0.60662	0.290635	0	1	-0.467885	2	0.607308	3	0.889184	4	-0.342048	5	0.71229	6	0.8714	7	-0.231179	8	0.781192	9	0.815817	10	-0.696587	11	0.567203	12	0.864507	13	-0.735868	14	0.0478283	15	0.836506	16	-0.310164	17	-0.0596491	18	0.556238	19	0.151986	20	0.699165	21	0.783757	22	0.337659	23	0.247186	24	0.600635	25	0.0092851	26	-0.221731	27	0.436864	28	-0.537036	29	0.177967	30	0.853931	31	-0.869722	32	-0.208242	33	0.893632	34	-0.819191	35	-0.386919	36	0.802138	37	0.145547	38	0.210547	39	0.805847	40	0.231082	41	-0.189449	42	0.771881	43	0.645669	44	-0.360876	45	0.644788	
-0	-0	-0	-0	-0	-0	-0	-0	-0.814976	-1	-0	-1	-0	-0	-0	-0	-0	-0	-0	-0	-0	-0	-1	0	0	0	0.0100883	0	0	1	-0.468763	2	0.606242	3	0.8895	4	-0.338305	5	0.71175	6	0.871721	7	-0.228858	8	0.781707	9	0.816634	10	-0.694479	11	0.568766	12	0.864867	13	-0.727608	14	0.0355481	15	0.828721	16	-0.297922	17	-0.0621279	18	0.552473	19	0.156363	20	0.696232	21	0.784023	22	0.349861	23	0.242724	24	0.603337	25	0.00473816	26	-0.217279	27	0.436339	28	-0.541779	29	0.177877	30	0.854259	31	-0.880787	32	-0.208166	33	0.891963	34	-0.812555	35	-0.389749	36	0.811004	37	0.141353	38	0.207982	39	0.806115	40	0.223292	41	-0.191399	42	0.772361	43	0.644539	44	-0.36171	45	0.645797	
-0.10246	-0.362226	-0	-1	-0	-0	-0.432156	-0.245035	-0	-0	-0.559418	-0	-0	-0.467994	-0	-0	-0.442051	-0.138215	-0	-1	-0	-0.0699983	-0	0.394172	0	0.174503	0.918456	0.224977	1	1	-0.45314	2	0.592506	3	0.894553	4	-0.327935	5	0.700976	6	0.873508	7	-0.220441	8	0.771189	9	0.816152	10	-0.686756	11	0.558157	12	0.86777	13	-0.64352	14	0.0304039	15	0.777398	16	-0.188899	17	-0.0380699	18	0.532957	19	0.165748	20	0.686412	21	0.784635	22	0.363771	23	0.250817	24	0.610361	25	0.0106995	26	-0.207527	27	0.441906	28	-0.527898	29	0.164431	30	0.863307	31	-0.879038	32	-0.216532	33	0.898305	34	-0.823145	35	-0.392486	36	0.803723	37	0.154721	38	0.194801	39	0.813559	40	0.233058	41	-0.198093	42	0.774348	43	0.655789	44	-0.366256	45	0.646817	
-0	-0	-0.375084	-0.0788017	-0.363055	-0.885146	-0	-0	-0	-0	-0	-0.262429	-0	-0	-0	-0	-0	-0	-0	-0	-0.318951	-0	-1	0	0	0	0	0	0.0506753	1	-0.471877	2	0.601159	3	0.894664	4	-0.331602	5	0.70798	6	0.876461	7	-0.215847	8	0.777427	9	0.82239	10	-0.690185	11	0.568808	12	0.87084	13	-0.651673	14	0.0285912	15	0.786391	16	-0.201898	17	-0.0433548	18	0.535746	19	0.163444	20	0.688422	21	0.787327	22	0.372794	23	0.251419	24	0.612822	25	0.0050917	26	-0.200019	27	0.442545	28	-0.552057	29	0.174844	30	0.860534	31	-0.882691	32	-0.210726	33	0.895473	34	-0.801134	35	-0.38632	36	0.791609	37	0.131175	38	0.200633	39	0.810639	40	0.23381	41	-0.191098	42	0.767447	43	0.672607	44	-0.360014	45	0.644601	
-0	-0	-0	-0.684908	-0	-0	-0.51209	-0	-0	-0	-0.744803	-0	-0	-0	-0	-0	-0.607255	-0	-0	-0	-0.287485	-0	-0	-0	0	0	0	0.438187	0	1	0.166192	2	0.649842	3	0.879987	4	0.580258	5	0.749877	6	0.849783	7	0.887531	8	0.809063	9	0.78936	10	0.0604012	11	0.822311	12	0.740214	13	-0.0815598	14	0.342623	15	0.551944	16	0.313953	17	-0.0991791	18	0.396965	19	0.884624	20	0.479285	21	0.862978	22	0.468837	23	-0.0666027	24	0.681978	25	0.568551	26	-0.342223	27	0.482743	28	-0.319521	29	0.338761	30	0.790991	31	-0.748902	32	-0.0764799	33	0.908041	34	-0.881901	35	-0.272404	36	0.997577	37	0.171925	38	0.115505	39	0.875892	40	0.359376	41	-0.202787	42	0.769868	43	0.417497	44	-0.384088	45	0.607508	
-0	-0.678184	-0.39725	-0	-0.364843	-0.469388	-0	-0.20198	-0.674039	-0.335753	-0	-0.360584	-0.130039	-0.663818	-0.134976	-0.106595	-0	-0.115387	-0.116532	-0.565053	-0	-0	-0.321173	-0.394172	0.205733	0.190575	0.401852	0	0.741501	1	0.1567	2	0.648883	3	0.879294	4	0.577535	5	0.747238	6	0.850008	7	0.888561	8	0.803691	9	0.790126	10	0.0598848	11	0.823001	12	0.74056	13	-0.0809583	14	0.345397	15	0.554749	16	0.31396	17	-0.099014	18	0.397829	19	0.879962	20	0.473048	21	0.863073	22	0.466792	23	-0.0655297	24	0.681294	25	0.567047	26	-0.339814	27	0.481307	28	-0.329668	29	0.341084	30	0.789438	31	-0.755121	32	-0.0759551	33	0.905007	34	-0.886204	35	-0.272453	36	0.993053	37	0.159338	38	0.114347	39	0.874209	40	0.349876	41	-0.204513	42	0.769856	43	0.404478	44	-0.384695	45	0.605388	
-0.177338	-0	-0	-0	-0	-0	-0	-0	-0	-0	-0	-0	-0	-0	-0	-0	-0.0104161	-0	-0	-0	-0	-0.0618505	-0	-0	0	0	0	0	0	1	0.179967	2	0.638001	3	0.885603	4	0.602508	5	0.73792	6	0.85294	7	0.913037	8	0.796116	9	0.790595	10	0.0827808	11	0.811985	12	0.740942	13	-0.0797231	14	0.35206	15	0.557905	16	0.31415	17	-0.101118	18	0.402255	19	0.896308	20	0.466701	21	0.868336	22	0.478144	23	-0.0626676	24	0.68663	25	0.564882	26	-0.33782	27	0.481522	28	-0.31332	29	0.329985	30	0.797433	31	-0.737033	32	-0.0832455	33	0.912766	34	-0.87707	35	-0.278068	36	1	37	0.167112	38	0.105746	39	0.885304	40	0.368535	41	-0.20797	42	0.779748	43	0.428145	44	-0.383385	45	0.605455	
-0	-0	-0.231679	-0.278098	-0.478999	-0.385238	-0.194723	-0.186065	-0	-0.522723	-0	-0.261932	-0.221205	-0	-0.28721	-0.30344	-0.250181	-0	-0.254467	-0	-0.181054	-0	-0.324627	-0.329992	-0	0	0	0.193764	0	1	-0.649306	2	0.66721	3	0.961634	4	-0.366851	5	0.684466	6	1	7	-0.129216	8	0.670254	9	1	10	-0.60508	11	0.780073	12	0.89915	13	-0.66331	14	0.95552	15	0.666142	16	-0.432514	17	0.971185	18	0.61629	19	-0.0304599	20	0.393831	21	0.997151	22	0.133364	23	-0.141422	24	0.659119	25	0.423763	26	-0.389439	27	0.525253	28	-0.691028	29	0.427419	30	0.804829	31	-0.93669	32	-0.00133167	33	0.686889	34	-0.682436	35	-0.182445	36	0.488422	37	-0.183845	38	0.192267	39	0.876179	40	-0.590319	41	-0.206777	42	0.995715	43	-0.793491	44	-0.38642	45	1	
-0.102131	-0.219744	-0	-0	-0	-0	-0	-0	-0.534598	-0	-0.172611	-0.192421	-0	-0.231997	-0	-0	-0	-0.00263689	-0	-0.310082	-0	-0	-0	-0	-0.205733	0	0.534179	0	0.335821	1	-0.635211	2	0.660542	3	0.962721	4	-0.353946	5	0.684227	6	0.998358	7	-0.11329	8	0.678915	9	0.995996	10	-0.582361	11	0.784059	12	0.89297	13	-0.663273	14	0.933173	15	0.667057	16	-0.439033	17	0.958003	18	0.603344	19	-0.037852	20	0.388696	21	1	22	0.118786	23	-0.138461	24	0.66217	25	0.407543	26	-0.389494	27	0.52818	28	-0.671335	29	0.4195	30	0.805782	31	-0.964445	32	-0.00508847	33	0.687383	34	-0.706038	35	-0.185978	36	0.489649	37	-0.185392	38	0.178693	39	0.882936	40	-0.608661	41	-0.215245	42	1	43	-0.81513	44	-0.395398	45	0.993395	
-0	-0	-0	-0	-0	-0	-0	-0	-0	-0	-0	-0	-0	-0	-0	-0	-0	-0.136498	-0	-0	-0	-0.0493743	-0	-0	-0	0.148379	0	0	0	1	-0.626727	2	0.633836	3	0.959331	4	-0.339684	5	0.663288	6	0.992921	7	-0.100309	8	0.660827	9	0.988483	10	-0.568456	11	0.766189	12	0.886253	13	-0.660795	14	0.957066	15	0.668026	16	-0.423624	17	0.978072	18	0.615303	19	-0.0297225	20	0.366408	21	0.99608	22	0.114468	23	-0.157248	24	0.660019	25	0.40266	26	-0.397063	27	0.519913	28	-0.668226	29	0.394915	30	0.803766	31	-1	32	-0.0206964	33	0.686089	34	-0.718406	35	-0.19387	36	0.4832	37	-0.188595	38	0.151379	39	0.882692	40	-0.64302	41	-0.234607	42	0.982738	43	-0.851598	44	-0.403671	45	0.998991	
-0	-0	-0.148302	-0.0826165	-0.159643	-0.217273	-0.0474226	-0	-0	-0.0878312	-0.202272	-0.162484	-0	-0.0206401	-0.0980951	-0	-0.0403018	-0	-0	-0.102602	-0.0773824	-0	-0.146729	-0.130913	-0.0784664	-0	0.0864162	0.111852	0.045697	1	-0.51363	2	-0.114946	3	0.706148	4	0.220982	5	-0.27318	6	0.581271	7	0.895854	8	-0.379622	9	0.503835	10	-0.0417882	11	-0.207127	12	0.478827	13	-0.289494	14	-0.32762	15	0.411579	16	0.0872675	17	-0.630289	18	0.334724	19	0.3189	20	-0.427483	21	0.601078	22	-0.052622	23	-0.548518	24	0.491807	25	-0.0259014	26	-0.976532	27	0.305991	28	-0.930362	29	-0.101437	30	0.701756	31	-0.689915	32	0.0426617	33	0.493137	34	-0.862385	35	-0.0713394	36	0.481217	37	-0.563067	38	-0.215363	39	0.828258	40	-0.0720107	41	-0.181126	42	0.848515	43	-0.128741	44	-0.277134	45	0.851525	
-0.0809326	-0	-0	-0	-0	-0	-0	-0	-0.0950632	-0.0287645	-0	-0	-0.110427	-0	-0	-0.0954648	-0	-0.0400821	-0.107321	-0	-0	-0	-0	-0	-0	-0.0974975	0	0	0	1	-0.526867	2	-0.0862128	3	0.718406	4	0.231574	5	-0.272362	6	0.592806	7	0.89711	8	-0.379572	9	0.501409	10	-0.0576507	11	-0.154636	12	0.499349	13	-0.293448	14	-0.285113	15	0.417927	16	0.0937649	17	-0.602175	18	0.341839	19	0.363039	20	-0.486963	21	0.603303	22	-0.0383173	23	-0.580844	24	0.48486	25	-0.0123412	26	-1	27	0.301387	28	-1	29	-0.0117889	30	0.717466	31	-0.517953	32	0.0975376	33	0.467714	34	-0.814658	35	-0.0663404	36	0.465064	37	-0.548275	38	-0.216392	39	0.837607	40	-0.234328	41	-0.306444	42	0.93201	43	-0.174429	44	-0.27382	45	0.875056	
-0	-0.153564	-0	-0.0837731	-0	-0	-0.0723895	-0.105786	-0.109773	-0.0430211	-0	-0.0440301	-0	-0.1441	-0.0172196	-0	-0.0937433	-0.0782906	-0	-0.0759305	-0.0129838	-0.0982113	-0	-0.04359	-0.112109	-0.050881	0.171088	0.0277191	0.13823	1	-0.489026	2	-0.114326	3	0.714086	4	0.220444	5	-0.276609	6	0.587581	7	0.920477	8	-0.361322	9	0.507097	10	-0.0612339	11	-0.199634	12	0.487787	13	-0.289935	14	-0.303047	15	0.414393	16	0.097129	17	-0.624051	18	0.333766	19	0.346123	20	-0.443273	21	0.604498	22	-0.043414	23	-0.540634	24	0.490298	25	-0.0214302	26	-0.969012	27	0.308681	28	-0.909859	29	-0.089878	30	0.715607	31	-0.701678	32	-0.0513484	33	0.484487	34	-0.843744	35	-0.0641924	36	0.474646	37	-0.5112	38	-0.219775	39	0.833083	40	-0.250363	41	-0.405651	42	0.913511	43	-0.139347	44	-0.262684	45	0.859658	
-0	-0.364807	-0	-0.698293	-0	-0	-0.359159	-0	-0.316705	-0	-0.482553	-1	-0	-0.500877	-0	-0	-0.423882	-0	-0	-0.957673	-0.14245	-0	-0.150444	-0.625301	-0.401852	-0	-0.186526	0.191327	0	1	-0.548308	2	0.412682	3	0.803675	4	-0.290314	5	0.446533	6	0.778266	7	0.123929	8	0.808284	9	0.85749	10	-0.581236	11	0.425475	12	0.727548	13	-0.669632	14	0.21895	15	0.627722	16	-0.301334	17	-0.0124419	18	0.335967	19	0.0870385	20	0.31716	21	0.737893	22	-0.0238085	23	0.0893356	24	0.658842	25	0.27436	26	-0.208663	27	0.516965	28	-0.628431	29	0.139328	30	0.750414	31	-0.787239	32	-0.222694	33	0.737732	34	-0.515624	35	-0.34167	36	0.80897	37	-0.0858922	38	0.0565986	39	0.760782	40	0.0480222	41	-0.238275	42	0.7986	43	0.169835	44	-0.367186	45	0.786032	
-0	-0	-0	-0	-0	-0	-0	-0	-0	-0	-0	-0.118438	-0	-0	-0	-0	-0	-0	-0	-0	-0	-0.0763663	-0	-0	-0	-0	-0.0273881	0	0	1	-0.617122	2	0.35152	3	0.773118	4	-0.369636	5	0.34441	6	0.721309	7	0.0613144	8	0.750007	9	0.862595	10	-0.720946	11	0.280527	12	0.741775	13	-0.743588	14	0.134734	15	0.605055	16	-0.331124	17	-0.0931367	18	0.324141	19	0.132568	20	0.275805	21	0.614653	22	0.00736477	23	0.295135	24	0.630083	25	0.312643	26	-0.127744	27	0.558121	28	-0.687424	29	0.0980892	30	0.791007	31	-0.793487	32	-0.246013	33	0.764718	34	-0.570947	35	-0.351038	36	0.907139	37	-0.0883403	38	0.0719463	39	0.717158	40	0.0344355	41	-0.222658	42	0.742283	43	0.131246	44	-0.355004	45	0.755954	
-0	-0	-0	-0	-0	-0	-0	-0	-0	-0	-0	-0	-0	-0	-0.542423	-0	-0	-0	-0	-0	-0	-0	-0	-0	-0	-0	-0	0	0	1	-0.651509	2	0.420015	3	0.79181	4	-0.414287	5	0.444411	6	0.753643	7	0.061883	8	0.760576	9	0.859614	10	-0.694495	11	0.379885	12	0.733793	13	-0.676403	14	0.202077	15	0.590503	16	-0.293295	17	-0.0394057	18	0.317243	19	0.00530136	20	0.365914	21	0.684523	22	-0.0880931	23	0.213974	24	0.644361	25	0.244999	26	-0.185121	27	0.562359	28	-0.675445	29	0.129383	30	0.771867	31	-0.760799	32	-0.19679	33	0.735048	34	-0.582334	35	-0.34006	36	0.850626	37	-0.123734	38	0.09579	39	0.743414	40	0.000547639	41	-0.198394	42	0.771207	43	0.130597	44	-0.357301	45	0.77035	
-0	-0	-0	-0	-0.724347	-0.346067	-0	-0	-0	-0.395699	-0	-1	-0.311654	-0	-0	-0.253572	-0	-0	-0.307258	-0	-0	-0	-0.926161	-0.909862	-0	-0	-0	0	0	1	-0.607405	2	0.442162	3	0.7919	4	-0.357238	5	0.490552	6	0.758784	7	0.033443	8	0.766031	9	0.854095	10	-0.618066	11	0.444503	12	0.721115	13	-0.650713	14	0.250813	15	0.599663	16	-0.250851	17	-0.00694131	18	0.323005	19	0.00754785	20	0.385616	21	0.706716	22	-0.109684	23	0.143451	24	0.643763	25	0.229374	26	-0.224004	27	0.537732	28	-0.667848	29	0.138841	30	0.754526	31	-0.739898	32	-0.190218	33	0.719754	34	-0.547816	35	-0.336836	36	0.808139	37	-0.101721	38	0.0802119	39	0.750232	40	0.0352723	41	-0.224883	42	0.771611	43	0.145181	44	-0.333116	45	0.730839	
-0.113247	-0	-0.420212	-0	-0.526668	-1	-0	-0.259343	-0.748553	-0.732913	-0	-0.989252	-0	-0	-0	-0	-0	-0.182295	-0	-0	-0.118175	-0	-0	-0	-0	-0.534179	-0.0435901	0.227511	0.79935	1	-0.563214	2	0.44082	3	0.805472	4	-0.28246	5	0.496551	6	0.786582	7	0.0474825	8	0.788595	9	0.85704	10	-0.534582	11	0.493371	12	0.722349	13	-0.644015	14	0.280538	15	0.612651	16	-0.252398	17	0.00547498	18	0.341532	19	0.0347822	20	0.341023	21	0.75892	22	-0.0752415	23	0.0580228	24	0.646161	25	0.229087	26	-0.247766	27	0.528541	28	-0.639135	29	0.15724	30	0.735193	31	-0.717499	32	-0.165996	33	0.696439	34	-0.535235	35	-0.284973	36	0.778674	37	-0.132215	38	0.0454076	39	0.765731	40	0.0058967	41	-0.240472	42	0.7935	43	0.172033	44	-0.362016	45	0.751745	
-0	-0	-0	-0	-0	-0	-0	-0.466893	-0	-0	-0	-0	-0.283366	-0	-0.165665	-0	-0	-0.168702	-0	-0	-0	-0.0765943	-0	-0	-0	-0	-0.139571	-0	0	1	0.232672	2	0.673245	3	0.890587	4	0.225261	5	0.749759	6	0.862769	7	0.203471	8	0.81679	9	0.802768	10	-0.13442	11	0.563109	12	0.931309	13	-0.456913	14	0.218571	15	0.987043	16	-0.434823	17	-0.00341799	18	0.622561	19	0.462174	20	0.781079	21	0.702279	22	0.209579	23	0.130232	24	0.329555	25	-0.115644	26	-0.267531	27	0.114317	28	0.0950188	29	0.225617	30	0.918945	31	0.0384567	32	-0.153651	33	0.923474	34	-0.051144	35	-0.306232	36	0.852284	37	0.556709	38	0.316805	39	0.765238	40	0.409539	41	-0.0847228	42	0.693624	43	0.55898	44	-0.248609	45	0.544167	
-0	-0	-0	-1	-0.508728	-0.509988	-0.731469	-0	-0.504194	-0.507389	-0.590522	-0.454825	-0	-0.728233	-0.0572012	-0.162779	-0.390988	-0	-0.208817	-0.729937	-0.397075	-0	-0.509645	-0.515612	-0	-0.193764	-0	-0.418838	0.585117	1	0.231919	2	0.679905	3	0.892604	4	0.226606	5	0.75571	6	0.865611	7	0.204406	8	0.827943	9	0.808322	10	-0.134337	11	0.567652	12	0.933753	13	-0.444999	14	0.211561	15	0.98907	16	-0.431291	17	-0.00810904	18	0.623502	19	0.464728	20	0.788038	21	0.705363	22	0.21409	23	0.130407	24	0.331219	25	-0.11082	26	-0.269336	27	0.117524	28	0.0921402	29	0.230825	30	0.919777	31	0.0265675	32	-0.149699	33	0.92258	34	-0.057363	35	-0.302151	36	0.846843	37	0.555135	38	0.323346	39	0.766557	40	0.404044	41	-0.0807692	42	0.695593	43	0.55339	44	-0.243645	45	0.540713	
-0.206419	-0.679875	-0.388337	-0.740532	-0	-0	-0.129109	-0	-0	-0	-0	-0	-0	-0	-0	-0	-0	-0	-0	-0	-0	-0	-0	-0	-0.438187	-0	-0	-0	0	1	0.232937	2	0.68268	3	0.898546	4	0.235706	5	0.761434	6	0.869047	7	0.217791	8	0.835876	9	0.808198	10	-0.133303	11	0.578752	12	0.936482	13	-0.424501	14	0.228238	15	0.992771	16	-0.420871	17	-0.0158006	18	0.625956	19	0.481319	20	0.786888	21	0.709312	22	0.211476	23	0.122927	24	0.330963	25	-0.109217	26	-0.277656	27	0.116714	28	0.0816352	29	0.23416	30	0.927703	31	0.0606118	32	-0.149102	33	0.933947	34	-0.0502538	35	-0.300841	36	0.852293	37	0.553129	38	0.319176	39	0.775229	40	0.399219	41	-0.0809041	42	0.69995	43	0.554593	44	-0.243601	45	0.545303	
-0	-0	-0	-0	-0	-0	-0	-0	-0	-0	-0	-0	-0	-0	-0	-0	-0	-0	-0	-0	-0	-0	-0	-0.0506753	-0	-0	-0	-0	-0	1	-0.197114	2	0.676338	3	0.9856	4	0.0854472	5	0.718406	6	0.991245	7	0.312688	8	0.775192	9	0.958213	10	-0.353685	11	0.725142	12	0.935869	13	-0.271867	14	0.407633	15	0.695758	16	0.238028	17	0.216376	18	0.576798	19	0.50316	20	0.527718	21	0.944661	22	0.201136	23	0.0751533	24	0.554887	25	-0.424716	26	0.0016796	27	0.415076	28	-0.496314	29	0.369531	30	0.890372	31	-0.810845	32	-0.0565497	33	0.922225	34	-0.851846	35	-0.223883	36	0.833489	37	0.152152	38	0.226543	39	0.905067	40	0.12246	41	-0.172078	42	0.924206	43	0.486557	44	-0.308343	45	0.797452	
-0.155201	-0	-0	-0.297942	-0	-0	-0	-0	-0	-0	-0.27042	-0	-0	-0	-0	-0	-0.522014	-0	-0	-0	-0	-0	-0	-0	-0.741501	-0	-0	-0	-0	1	-0.185377	2	0.682856	3	0.985754	4	0.096131	5	0.724928	6	0.991263	7	0.321943	8	0.782508	9	0.957337	10	-0.346474	11	0.731057	12	0.935974	13	-0.274091	14	0.407267	15	0.695688	16	0.236158	17	0.209889	18	0.570909	19	0.513914	20	0.534255	21	0.944594	22	0.199433	23	0.0745095	24	0.552601	25	-0.424824	26	-0.00167455	27	0.411455	28	-0.488761	29	0.374576	30	0.890723	31	-0.797382	32	-0.0533509	33	0.918295	34	-0.84535	35	-0.222493	36	0.833316	37	0.160128	38	0.231786	39	0.905293	40	0.136208	41	-0.168987	42	0.927764	43	0.487713	44	-0.30734	45	0.801453	
-0	-0	-0	-0	-0	-0	-0	-0	-0	-0	-0	-0	-0	-0	-0	-0	-0	-0.16472	-0	-0	-0	-0	-0	-0	-0	-0	-0	-0	-0	1	-0.193233	2	0.681	3	0.984872	4	0.0898021	5	0.723713	6	0.990042	7	0.318583	8	0.780657	9	0.956504	10	-0.351648	11	0.728906	12	0.935435	13	-0.281256	14	0.410149	15	0.693251	16	0.233679	17	0.210596	18	0.570321	19	0.508856	20	0.534258	21	0.94277	22	0.17144	23	0.0794153	24	0.543393	25	-0.451878	26	-0.00156222	27	0.40843	28	-0.495269	29	0.372006	30	0.890692	31	-0.801954	32	-0.0552975	33	0.917774	34	-0.847418	35	-0.224847	36	0.835881	37	0.154859	38	0.230401	39	0.904348	40	0.124134	41	-0.169737	42	0.924568	43	0.492487	44	-0.307133	45	0.802433	
-0	-0.525435	-0.637296	-1	-0	-0	-0.64444	-0.319535	-0	-0	-0	-0	-0	-0.625636	-0	-0	-0	-0	-0	-0.00649919	-0.434462	-0	-0	-0	-0	-0	-0	-0	-0.585117	1	-0.187493	2	0.682009	3	0.985558	4	0.09529	5	0.724133	6	0.991031	7	0.324023	8	0.780643	9	0.957069	10	-0.345906	11	0.731907	12	0.934899	13	-0.300224	14	0.406994	15	0.69779	16	0.217605	17	0.196854	18	0.569663	19	0.511416	20	0.531626	21	0.945192	22	0.183501	23	0.0807427	24	0.54826	25	-0.439334	26	-0.000604819	27	0.409583	28	-0.490198	29	0.374832	30	0.889978	31	-0.780076	32	-0.0539553	33	0.918378	34	-0.842219	35	-0.22373	36	0.838696	37	0.156875	38	0.230032	39	0.90573	40	0.142984	41	-0.170002	42	0.930074	43	0.479884	44	-0.308714	45	0.800685	
-0	-0	-0	-0	-0.766507	-1	-0	-0	-0.85792	-0.862192	-0.346557	-0.688661	-0.195343	-0	-0.23603	-0.190252	-0	-0	-0.19834	-1	-0	-0.0624207	-0.605305	-1	-0	-0.335821	-0.183927	-0.79935	-0	1	-0.206393	2	0.678412	3	0.982568	4	0.085513	5	0.720957	6	0.987763	7	0.31918	8	0.778924	9	0.956173	10	-0.355712	11	0.727343	12	0.934804	13	-0.307903	14	0.407279	15	0.699241	16	0.20861	17	0.192552	18	0.566315	19	0.506241	20	0.530404	21	0.939006	22	0.188764	23	0.0463095	24	0.548648	25	-0.433617	26	0.00302105	27	0.40906	28	-0.51122	29	0.370697	30	0.889568	31	-0.794485	32	-0.0572122	33	0.917886	34	-0.847767	35	-0.225361	36	0.833917	37	0.140253	38	0.22786	39	0.901019	40	0.132695	41	-0.171281	42	0.92604	43	0.485362	44	-0.308281	45	0.796874	
