GRT_LABELLED_CLASSIFICATION_DATA_FILE_V1.0
DatasetName: harlequinPosRel
InfoText: 
NumDimensions: 45
TotalNumExamples: 138
NumberOfClasses: 30
ClassIDsAndCounters: 
517	6	NOT_SET
518	4	NOT_SET
519	4	NOT_SET
520	5	NOT_SET
521	4	NOT_SET
522	6	NOT_SET
523	4	NOT_SET
524	5	NOT_SET
525	5	NOT_SET
526	3	NOT_SET
527	6	NOT_SET
528	6	NOT_SET
529	5	NOT_SET
530	5	NOT_SET
531	4	NOT_SET
532	5	NOT_SET
533	5	NOT_SET
534	5	NOT_SET
535	4	NOT_SET
536	4	NOT_SET
537	6	NOT_SET
538	5	NOT_SET
539	3	NOT_SET
540	4	NOT_SET
541	4	NOT_SET
542	3	NOT_SET
543	4	NOT_SET
544	5	NOT_SET
545	3	NOT_SET
546	6	NOT_SET
UseExternalRanges: 0
Data:
517	3.44307	240.111	138.728	-13.2565	429.373	192.71	-24.0613	621.484	261.898	77.3954	472.38	69.9734	297.974	561.992	-55.9768	311.435	845.369	38.7029	-103.908	386.367	315.448	-197.592	409.68	654.682	-211.142	682.998	768.707	74.8465	76.8003	10.6802	15.6446	-316.114	-112.928	7.12648	-683.95	-240.483	-34.5611	24.8962	158.811	-96.6418	-371.297	47.5833	-147.889	-748.943	-32.6917
517	14.7575	204.848	121.851	8.00989	400.228	149.754	2.26994	600.813	185.504	117.585	420.128	36.9119	375.202	500.213	-25.2881	431.35	774.725	76.9407	-101.566	380.329	262.595	-263.303	425.493	567.257	-316.609	672.931	708.426	87.6349	21.4778	25.8469	8.49893	-360.328	-119.323	-8.41321	-727.187	-249.033	-44.6246	-2.54129	162.049	-119.079	-390.146	30.3149	-169.864	-772.04	-26.7927
517	19.7996	203.686	120.435	11.6488	399.924	141.397	1.87807	602.958	169.18	126.794	416.217	33.6445	375.288	493.063	-34.3853	435.885	769.4	63.9514	-103.496	383.631	249.15	-268.957	399.208	543.565	-308.365	655.871	701.176	97.4396	17.2798	34.4446	11.1519	-361.746	-114.182	-7.76517	-726.982	-248.097	-41.5387	-2.38539	164.501	-112.611	-389.962	30.5986	-167.549	-771.874	-22.5066
517	21.9382	203.242	115.784	12.1665	399.269	137.984	0.827255	601.565	167.161	127.699	417.157	30.8896	378.709	493.001	-34.2515	438.921	769.333	65.0798	-103.366	381.382	245.079	-276.821	393.638	545.868	-299.298	648.459	701.259	101.437	18.0112	28.9495	11.3354	-359.712	-120.746	-4.78427	-726.342	-251.195	-38.0166	-3.58021	158.218	-112.101	-391.542	27.0925	-164.147	-774.632	-19.8354
517	7.05724	233.98	132.272	-13.9159	425.135	177.23	-28.9101	618.448	240.765	85.7545	463.609	60.1409	278.911	539.677	-97.0874	306.165	819.419	-18.613	-113.586	386.661	294.319	-116.713	117.699	293.699	-49.8272	-142.56	305.617	88.1973	66.0495	16.6313	6.07841	-326.798	-93.3967	2.71718	-696.546	-215.649	-32.1366	19.5992	157.996	-96.9255	-378.334	54.7905	-155.905	-758.747	-4.0105
517	5.70551	228.763	134.945	-14.8256	421.09	174.879	-31.5009	615.689	231.305	82.3174	456.413	54.7041	276.172	531.557	-96.2861	301.985	815.587	-24.9468	-111.969	385.767	295.054	-112.992	116.789	294.846	-73.0844	-149.139	301.209	84.8765	57.7587	22.4675	6.38124	-334.672	-91.7178	3.56863	-703.373	-217.161	-32.4033	15.1137	167.553	-94.9032	-383.665	66.248	-154.63	-761.988	-4.27905
518	0.0104599	-0.064537	-0.0773926	8.1027	206.271	11.3289	91.2724	464.94	152.767	-101.437	205.877	96.1716	-180.045	25.2965	277.435	-384.168	-135.027	455.724	117.643	206.665	-73.5139	329.66	82.1274	-112.025	347.299	153.231	93.2915	-32.7927	-206.489	7.65576	-106.506	-544.712	-141.73	-315.381	-853.524	-254.751	16.6291	-206.312	-30.623	50.4861	-656.63	-107.315	-8.76749	-1031.96	-79.6362
518	-0.00410461	0.0245132	-0.00170898	9.67132	201.282	3.6499	92.5718	472.179	149.998	-95.8084	204.807	88.8367	-175.537	43.2712	282.358	-378.388	-117.969	471.52	115.151	197.757	-81.5369	323.926	80.5205	-121.763	344.763	151.356	98.5381	-33.4477	-200.439	15.5422	-100.084	-532.504	-151.647	-311.641	-844.131	-275.645	14.0886	-202.027	-22.8489	42.5802	-651.048	-89.3291	-4.01423	-1036.04	-54.6335
518	31.6567	214.122	67.093	37.3238	410.273	80.145	80.6055	656.241	220.504	-109.151	410.716	137.09	-217.632	213.548	295.426	-355.718	50.6153	468.914	183.798	409.831	23.1997	495.944	356.422	117.795	571.71	434.839	284.756	-45.3228	18.1871	81.7654	125.453	-365.414	86.1948	213.647	-726.834	31.6318	97.3022	17.7562	26.3167	-62.339	-324.281	-88.6917	-230.203	-628.778	-160.537
518	13.2093	298.237	69.9441	37.9813	474.809	145.763	88.1035	652.313	265.401	-79.2231	448.393	245.577	-160.419	206.341	348.199	-284.315	6.99954	491.817	155.186	501.226	45.949	471.921	355.673	81.0608	596.598	441.414	295.051	-77.904	106.712	50.6228	121.118	-279.412	98.1643	176.373	-659.144	-2.76465	54.7785	136.617	-62.3728	-96.6608	-252.884	-132.106	-320.102	-570.555	-184.422
519	-116.674	315.711	57.7529	-80.3019	496.074	131.273	-32.0178	671.469	220.388	46.5693	509.834	34.751	103.645	256.262	-132.195	343.61	326.953	41.3025	-207.173	482.314	227.795	-330.4	234.96	381.079	-286.775	-64.1216	388.281	-76.772	143.621	-73.7952	-51.769	-275.298	-87.6162	-97.1242	-678.181	-90.5901	-229.319	127.077	42.261	339.715	-22.5277	122.839	223.29	-437.2	-18.9155
519	-136.701	319.127	74.1765	-96.5105	499.514	145.666	-44.1951	675.657	231.864	24.7086	513.413	42.4478	120.927	260.676	-122.05	356.923	347.702	51.9141	-217.73	485.615	248.884	-341.297	242.335	395.93	-288.607	-54.526	384.542	-104.091	147.088	-59.3025	-57.0502	-269.326	-85.1638	-107.204	-671.575	-77.9618	-249.691	130.393	64.6765	332.663	-12.5636	131.358	218.471	-431.768	-15.1746
519	-134.799	310.691	67.1116	-97.951	493.203	134.916	-48.7273	671.096	219.124	24.6603	506.324	32.9646	108.555	260.948	-125.061	348.5	344.643	42.5037	-220.562	480.082	236.867	-327.036	229.776	392.155	-316.58	-72.321	399.01	-97.9038	136.071	-62.0095	-55.2729	-280.902	-87.7795	-106.214	-683.077	-82.8337	-245.389	120.288	60.6243	336.921	-15.6128	129.403	225.034	-432.438	-18.5054
519	-97.3179	360.237	114.068	-62.9592	541.483	186.474	-17.1812	720.153	266.981	-109.556	605.791	47.6089	34.9139	364.307	-158.346	293.381	415.089	-0.580078	-16.3627	477.175	325.339	-16.3629	202.014	325.339	-16.354	-73.1456	325.331	-159.684	217.645	-41.8035	-56.9492	-188.138	-75.5366	-128.425	-586.399	-100.915	-103.669	140.339	125.128	251.641	-177.554	143.678	143.806	-543.615	6.74585
520	-14.3774	279.122	118.018	-39.8279	466.89	175.935	-71.5781	668.56	230.078	-181.692	428.165	239.145	-280.222	193.194	240.731	-200.419	136.083	-16.1709	102.037	505.616	112.725	303.547	238.811	61.4224	179.921	36.4079	-138.394	-74.2334	68.0668	98.1113	-143.169	-299.594	-92.8108	-106.781	-699.476	-148.763	96.3796	114.64	22.0923	101.015	-305.118	10.5308	188.031	-687.889	111.935
520	-10.7649	286.379	122.383	-32.0674	474.332	181.438	-60.1707	679.109	236.616	-182.075	443.039	226.922	-285.151	176.026	232.257	-210.2	123.146	-26.1384	117.94	505.625	135.954	296.753	235.968	66.3582	178.239	40.5511	-141.865	-79.5446	79.6335	90.6416	-141.999	-292.256	-94.0891	-108.852	-692.843	-146.965	100.62	117.217	36.0137	99.1687	-302.011	11.1958	186.697	-684.989	111.24
520	-12.4382	290.193	122.795	-35.5401	477.769	182.424	-65.4031	678.54	238.147	-184.238	443.991	231.068	-277.528	209.819	249.125	-227.428	128.814	-8.96558	113.157	511.546	133.78	296.446	245.077	69.9912	180.641	43.2276	-133.426	-78.7472	82.3075	92.4148	-141.313	-290.63	-90.2212	-106.513	-690.39	-148.087	100.075	122.928	33.9163	97.7627	-295.86	2.79053	186.993	-676.925	108.58
520	-10.7327	289.076	123.687	-34.5403	477.149	181.428	-63.1725	678.128	235.167	-179.742	441.371	238.096	-281.664	187.086	209.189	-197.513	120.756	-43.0723	110.661	512.927	124.761	294.095	245.991	76.7822	186.515	44.452	-133.155	-74.2885	79.4755	100.041	-138.731	-288.546	-91.6931	-106.95	-687.402	-157.031	100.438	122.529	31.8508	98.9492	-296.084	-1.63818	190.744	-674.598	110.918
520	-9.95827	285.61	121.358	-36.0877	475.001	173.509	-66.8151	678.743	220.856	-176.187	437.097	240.967	-279.617	182.419	228.535	-179.728	146.508	-25.3271	104.011	512.905	106.051	293.084	244.699	68.2432	176.021	48.2773	-139.076	-68.0622	73.4304	109.766	-137.1	-291.014	-87.1589	-103.91	-690.436	-148.289	100.404	119.01	28.6489	101.094	-300.212	3.50488	191.273	-680.514	111.24
521	-28.9575	283.148	168.074	-44.5524	475.107	214.753	-57.6529	682.338	264.478	-190.698	479.081	149.586	-301.05	297.396	-129.561	-69.6148	306.907	-273.074	101.593	471.133	279.92	244.077	160.507	242.257	284.569	10.2725	-27.3374	-101.243	93.5796	82.2087	-79.6242	-323.66	39.5854	-19.6435	-723.948	63.033	74.5175	88.8005	160.581	111.172	-236.851	-102.054	158.009	-577.017	-317.639
521	-30.9395	284.586	169.244	-44.5224	477.133	214.064	-56.4349	684.441	260.471	-189.973	482.363	147.516	-293.313	282.634	-129.372	-66.9922	296.655	-277.11	100.929	471.903	280.612	244.281	161.548	238.319	284.682	-8.4977	-20.9485	-104.818	95.1842	84.4087	-85.4903	-322.408	44.4778	-20.6464	-721.957	65.4705	70.1044	88.8948	164.44	108.86	-239.896	-93.9623	154.145	-581.375	-307.758
521	-23.2778	282.122	156.79	-31.9778	474.379	204.062	-38.8596	681.739	252.858	-181.716	481.406	147.927	-327.968	222.556	-34.6174	-161.675	48.462	-221.7	117.76	467.353	260.198	253.519	151.475	227.088	296.282	-19.4375	-27.6838	-104.619	94.09	75.7627	-68.5927	-321.665	29.0759	-5.01414	-721.521	49.7856	75.4634	85.6397	143.273	125.607	-245.389	-110.253	171.259	-586.837	-324.042
521	-42.7644	256.824	163.583	-50.8198	452.929	190.955	-54.106	665.426	208.831	-202.963	453.606	141.326	-317.535	212.001	-39.0491	-136.455	222.69	-237.264	101.323	452.251	240.584	230.743	194.998	243.106	280.923	13.7223	5.58081	-126.197	61.1273	106.367	-84.3769	-347.344	18.4409	-17.1969	-745.787	50.9897	56.7794	60.3125	166.054	111.369	-243.987	-118.194	158.963	-588.211	-327.053
522	-63.0045	275.826	108.531	-23.0241	469.188	123.539	29.1906	674.617	127.047	-165.488	503.609	59.5793	-165.488	228.449	59.5793	-165.494	-46.7115	59.5774	119.44	434.768	187.499	151.701	254.074	467.832	147.131	-4.51942	310.734	-189.281	103.313	54.781	-76.4212	-257.066	-128.32	-91.3677	-660.968	-97.2444	-16.6888	61.6135	132.267	296.63	-309.636	71.3271	150.979	-670.834	-41.176
522	-83.2006	286.108	120.641	-33.6214	477.309	136.053	28.5462	678.642	135.29	-177.906	519.162	80.9814	-177.906	244.002	80.9814	-177.912	-31.1583	80.9802	110.663	435.457	191.125	146.294	246.726	455.239	151.146	-24.5912	323.978	-219.557	120.078	72.1067	-66.9301	-225.684	-110.4	-82.2851	-629.41	-76.9749	-46.0025	69.7355	138.35	305.161	-292.99	91.1938	167.438	-658.748	-16.3152
522	-38.2035	288.943	158.446	-18.3764	485.263	176.811	11.0639	694.777	186.519	-118.869	506.889	54.1287	-325.296	324.137	-91.8928	-125.437	188.574	-211.34	82.1164	463.637	299.493	164.863	235.123	428.519	148.964	-10.7085	305.934	-118.459	105.627	66.3086	-64.0475	-270.384	-112.647	-78.8763	-674.4	-82.1228	2.3978	79.6187	213.852	318.435	-310.123	66.3193	165.065	-674.593	-23.123
522	-40.4008	291.925	153.181	-19.6197	487.756	175.254	9.71748	697.787	190.135	-128.436	512.237	60.5076	-326.17	326.838	-86.0771	-131.67	189.012	-211.468	89.1968	463.276	290	170.319	224.484	446.253	172.623	-67.7755	376.218	-126.601	110.811	62.1243	-70.2908	-268.707	-108.549	-87.8083	-672.595	-78.8208	4.2372	81.3759	200.092	313.211	-308.249	67.7437	160.53	-673.187	-20.8267
522	-59.9849	267.353	139.169	-21.4327	461.482	148.751	30.0729	669.898	148.458	-168.916	493.404	95.3936	-255.582	231.047	-111.249	-20.4184	91.7836	-79.9963	126.05	429.559	202.109	149.855	258.874	442.055	198.808	-35.7622	442.427	-187.216	92.4186	97.5032	-68.0793	-245.801	-121.007	-88.9578	-649.477	-90.2061	-9.85786	54.0296	161.67	311.435	-299.468	64.3176	162.681	-664.739	-29.3833
522	-64.9077	268.578	137.56	-23.5096	462.163	146.273	29.8825	668.881	143.588	-171.161	496.06	94.6709	-256.521	227.896	-109.882	-19.7949	90.7244	-81.2769	124.142	428.265	197.875	150.675	269.559	455.957	195.844	-25.0375	429.118	-195.101	95.3786	97.8152	-70.3348	-243.56	-116.426	-90.4933	-647.536	-89.0354	-17.5108	54.6078	159.88	315.526	-309.717	73.8542	154.928	-665.543	-33.6445
523	-0.190994	241.154	146.942	-12.9169	438.315	161.671	-24.9136	652.561	167.229	-168.423	431.042	124.665	-325.276	187.381	-24.2119	-148.581	75.111	-197.156	142.589	445.588	198.678	336.51	470.076	10.5793	204.877	555.609	-209.887	-80.9698	39.6189	109.961	-105.839	-315.897	-112.082	-97.9162	-712.121	-197.415	106.04	48.3649	154.465	93.9764	-361.848	65.3835	115.282	-764.426	108.244
523	-4.95538	238.775	143.612	-16.6493	435.581	163.533	-28.5844	648.255	175.309	-173.24	429.578	130.92	-327.176	192.39	-9.28052	-161.919	70.8246	-184.193	139.941	441.585	196.146	335.773	465.393	3.14624	200.958	553.615	-217.441	-87.4235	38.3592	104.079	-104.01	-321.929	-111.084	-96.9726	-718.021	-197.272	100.901	45.579	143.301	94.9502	-368.037	70.7109	116.107	-770.638	113.036
523	-5.36537	248.531	143.538	-17.2872	444.843	167.821	-28.3825	656.817	185.412	-174.649	438.829	139.179	-334.655	212.016	11.3293	-190.837	78.3301	-176.273	140.075	450.857	196.462	337.93	467.988	8.54419	201.917	559.779	-210.456	-88.065	48.6022	102.033	-106.301	-314.394	-108.325	-98.7124	-709.391	-199.124	101.178	55.8343	136.477	92.8468	-359.369	74.0737	114.763	-762.941	106.109
523	-7.57191	247.316	145.311	-15.9586	443.871	169.167	-23.8836	655.207	185.877	-173.931	440.234	143.597	-329.308	208.248	10.293	-187.529	71.2411	-177.412	142.013	447.508	194.737	337.561	465.715	1.92578	199.64	551.796	-218.484	-94.1778	48.5737	106.079	-105.879	-311.514	-109.742	-100.305	-707.695	-195.615	95.8074	52.9477	136.831	92.0592	-361.341	68.0779	114.626	-763.922	110.309
524	17.0445	74.0684	112.547	-14.3368	262.332	165.886	-47.0498	457.888	220.989	-122.413	213.819	273.53	-295.776	504.654	303.55	-308.85	793.682	190.404	93.7393	310.845	58.2419	56.0037	506.13	-1.65894	-84.6249	709.139	-76.0735	-16.562	-143.367	123.935	18.2681	-560.538	90.384	128.146	-926.104	-45.7236	113.414	-85.0237	-5.52075	110.434	-449.887	-213.45	99.4484	-785.425	-440.686
524	15.8057	74.8571	111.893	-14.9504	263.188	165.361	-47.1861	458.747	220.734	-123.071	214.947	273.086	-296.451	507.165	304.269	-311.135	797.476	193.934	93.1698	311.429	57.6362	53.942	506.385	-2.34033	-84.0267	710.934	-77.1973	-18.4531	-142.482	123.202	17.4297	-559.914	94.6479	126.326	-922.188	-50.6611	111.577	-84.4655	-6.35278	108.971	-449.036	-214.82	98.5885	-785.338	-440.997
524	5.14172	111.317	127.394	-16.2712	297.465	191.74	-38.4763	490.877	258.244	-117.274	246.679	305.051	-299.804	512.195	304.828	-304.452	796.434	184.756	84.7318	348.252	78.4277	52.2612	515.427	-12.1113	-84.7033	718.38	-73.0298	-34.1806	-105.371	131.186	3.3023	-521.232	87.3457	114.122	-894.298	-23.8491	87.29	-44.2933	-5.08765	98.8816	-415.546	-200.875	87.9444	-752.522	-425.93
524	10.5482	41.4394	115.714	-16.3381	229.36	172.591	-44.5734	424.515	231.451	-114.576	180.084	288.959	-291.466	498.942	301.227	-304.851	790.038	172.722	81.9003	278.635	56.2236	60.2718	503.894	-12.2195	-81.3233	718.572	-75.1316	-21.6408	-176.113	128.814	20.8454	-592.159	90.8108	133.044	-945.865	-72.032	96.5099	-116.849	-11.1404	100.116	-478.536	-224.551	81.656	-803.342	-466.476
524	10.5842	32.2863	114.057	-15.9065	220.988	168.397	-43.0982	417.035	224.646	-117.467	173.798	282.76	-289.255	498.343	297.172	-301.571	785.196	159.681	85.6537	268.178	54.0349	65.8105	501.81	-15.8289	-79.1791	714.609	-80.9768	-23.9958	-184.792	128.485	26.1775	-599.166	82.6899	142.639	-955.384	-71.5149	98.1455	-128.039	-9.05225	106.719	-489.174	-223.127	80.2996	-803.376	-477.809
525	8.64929	280.582	123.823	42.7165	473.63	152.893	81.2323	679.543	179.764	-81.0179	509.756	57.9941	-291.079	295.605	42.6953	-291.984	71.7006	-167.915	166.451	437.505	247.791	388.384	187.013	238.471	501.014	55.0501	-19.5747	-99.8231	109.257	37.687	-96.4719	-257.742	-166.459	-159.411	-636.569	-296.444	48.9874	65.8103	151.818	75.3195	-352.299	122.58	90.2227	-756.94	142.385
525	5.33525	263.47	119.938	38.52	458.031	137.559	76.2612	664.429	148.34	-89.5403	488.13	46.3916	-287.899	297.875	51.0225	-302.443	75.4455	-158.865	166.58	427.933	228.726	390.833	180.781	236.149	503.378	57.4399	-24.1028	-104.849	87.0056	47.5015	-100.2	-270.266	-173.104	-164.03	-649.039	-302.788	49.15	50.8105	157.134	73.729	-367.238	125.586	86.0731	-772.34	134.72
525	5.55304	254.219	120.873	37.8086	449.371	132.983	75.0734	657.119	134.689	-92.8752	476.455	44.6133	-293.582	293.016	49.3374	-290.202	72.0158	-160.993	168.492	422.287	221.354	395.702	181.55	238.671	502.635	59.7199	-26.1282	-105.285	75.3528	55.624	-102.713	-275.625	-174.975	-163.967	-654.201	-306.551	51.8804	42.7807	161.901	77.1292	-374.927	126.531	84.6728	-780.121	135.074
525	5.45012	247.342	118.598	36.105	443.091	121.495	73.368	651.257	110.187	-101.606	465.815	43.2014	-303.264	291.704	46.76	-289.491	73.0759	-163.089	173.816	420.366	199.788	391.686	184.697	241.336	505.048	65.7079	-19.3213	-108.007	65.2562	68.6262	-103.431	-278.762	-172.161	-164.438	-657.454	-303.491	57.5976	37.929	162.778	75.4808	-380.233	128.615	88.0279	-785.357	137.96
525	-2.52339	243.993	113.581	30.8187	439.331	113.982	72.2671	646.206	99.3057	-112.791	463.979	47.7529	-310.151	288.772	41.1445	-288.509	73.874	-165.955	174.428	414.682	180.211	387.01	187.997	242.36	497.841	63.0831	-13.1951	-122.223	63.477	73.3535	-103.184	-273.936	-175.966	-165.763	-652.908	-305.679	50.4925	33.8327	153.006	72.5747	-384.646	126.147	87.5013	-789.436	141.18
526	-10.6746	296.462	165.531	-20.2651	482.389	233.44	-29.0476	682.586	302.969	-178.438	467.192	252.709	-269.911	213.183	12.1292	-121.354	136.296	-202.354	137.908	497.585	214.171	235.24	223.462	-49.9429	178.49	60.2483	-313.235	-96.199	101.397	109.208	-101.526	-305.488	5.3103	12.2572	-691.984	-39.9446	94.0309	119.674	86.0339	88.9675	-271.631	-66.3333	91.2301	-659.146	-185.477
526	-11.0936	294.6	163.297	-19.2552	480.444	231.619	-26.9259	679.509	301.91	-177.513	466.35	251.052	-267.519	211.804	11.7407	-125.321	133.766	-207.542	139.002	494.538	212.186	235.371	223.083	-44.9282	178.233	61.2004	-308.954	-98.0967	100.281	106.66	-95.6334	-307.843	7.83569	13.6186	-694.731	-44.5105	92.2325	117.231	83.2896	90.1248	-274.127	-69.0063	93.8973	-660.463	-191.824
526	-15.7067	295.171	165.167	-20.9361	481.517	232.403	-26.1228	681.385	300.903	-179.162	469.49	253.428	-265.28	212.275	12.9355	-109.932	132.629	-216.816	137.289	493.543	211.377	233.267	217.513	-42.9958	175.473	50.3076	-300.914	-105.623	101.594	110.574	-96.8491	-306.458	11.657	12.201	-693.067	-43.1655	84.6683	116.058	85.2874	89.1615	-274.421	-69.2332	95.4002	-661.505	-189.655
527	0.00135803	0.00213623	0.000732422	12.8299	182.923	-27.7004	36.3237	442.267	-78.8313	-144.381	196.664	-9.7666	-231.215	-15.8965	-137.753	-23.4412	-71.6428	-345.43	170.041	169.181	-45.6342	322.047	-26.3265	-165.659	196.414	-93.1308	-417.778	-101.698	-175.151	37.8398	-239.487	-552.165	-68.1995	-200.309	-914.022	17.5227	76.0435	-190.686	17.564	216.192	-502.837	-189.671	332.336	-857.671	-208.086
527	0.000221252	0.00145721	0.00537109	12.4296	184.33	-26.8757	35.1089	449.223	-70.9133	-144.935	197.6	-8.64185	-232.88	-16.0908	-134.294	-33.7185	-75.5948	-347.345	169.794	171.06	-45.1097	323.899	-28.3892	-165.069	192.451	-91.0301	-421.444	-100.732	-176.881	37.1182	-239.702	-553.01	-60.4943	-195.966	-884.376	-2.16675	75.8736	-191.774	16.6548	216.173	-499.934	-194.685	332.9	-859.234	-209.771
527	0.00038147	0.00136566	0.00146484	9.73306	184.382	-27.6958	36.2603	454.813	-61.29	-150.075	195.877	-7.32983	-227.599	-19.6764	-135.994	-27.678	-78.7814	-346.934	169.541	172.887	-48.0618	325.406	-24.4071	-162.062	189.803	-105.164	-422.523	-100.548	-177.847	39.2722	-216.963	-601.443	-45.4783	-184.939	-977.612	59.0559	81.0832	-190.912	16.1252	219.214	-499.143	-193.758	301.922	-816.338	-246.252
527	0.00170898	0.000545502	0.00244141	11.5087	183.763	-27.0338	35.8327	454.91	-52.7305	-147.316	196.788	-6.09717	-214.782	-27.9671	-134.838	-18.3327	-79.7319	-331.641	170.333	170.737	-47.9706	323.238	-29.6302	-154.497	209.593	-94.3752	-415.628	-104.686	-176.119	39.3223	-238.146	-561.189	-31.4065	-221.128	-854.821	-39.7	81.6752	-191.404	14.7554	223.221	-500.938	-182.637	310.754	-835.382	-206.798
527	-0.00558472	0.0131836	-0.0249023	8.66829	187.211	-32.152	34.8254	459.641	-55.6946	-152.086	197.313	-16.6885	-218.921	-25.4657	-147.777	-19.1175	-75.6455	-344.236	169.423	177.108	-47.6156	321.307	-24.7496	-153.546	193.36	-97.7146	-413.263	-103.32	-181.237	41.2061	-236.498	-570.82	-27.2478	-218.293	-856.217	-33.4792	85.9611	-193.132	22.9985	220.398	-489.858	-196.959	319.535	-801.536	-160.075
527	0.00439453	-0.000614166	-0.00170898	12.6382	184.627	-25.988	36.8234	456.373	-54.3503	-146.186	198.147	-7.14966	-223.177	-25.458	-135.716	-12.1276	-74.5844	-337.078	171.463	171.107	-44.8264	324.169	-27.9229	-152.139	201.87	-97.9289	-412.077	-105.52	-176.721	37.0024	-208.289	-608.645	-36.0498	-134.724	-993.368	147.349	80.2613	-192.535	14.9668	224.054	-500.216	-184.996	329.452	-835.992	-173.638
528	0.00792694	0.00800323	-0.00610352	-4.9556	180.314	45.3628	-9.90405	490.314	132.487	-159	169.332	72.1545	-245.747	-99.6473	38.3328	-339.799	-115.21	-230.177	149.089	191.296	18.571	243.865	-57.4292	58.2136	434.461	-273.336	-86.6648	-85.5954	-186.754	-29.6233	-89.419	-606.487	-101.73	-60.6616	-1020.7	33.8333	95.5383	-173.841	-61.1267	177.854	-566.273	-97.5842	290.222	-938.195	-155.012
528	0.00498962	-0.00955963	-0.00341797	-6.47186	175.284	41.7891	-7.01564	493.516	135.171	-161.74	163.768	66.0303	-226.833	-80.2616	39.9155	-338.758	-100.464	-234.402	148.797	186.8	17.5479	249.75	-71.177	56.5378	435.568	-291.939	-79.8862	-83.8274	-182.001	-27.6963	-87.8365	-601.019	-98.217	-58.4803	-989.366	60.1096	96.791	-168.605	-55.8955	181.113	-562.147	-99.4954	285.241	-892.125	-145.363
528	0.00536346	-0.00563812	0.0134277	-1.77831	182.221	40.3281	-5.93079	490.254	148.376	-153.239	173.829	71.5588	-236.839	-88.8831	44.3052	-349.553	-110.244	-228.468	149.682	190.613	9.09741	251.969	-63.1808	54.3135	433.683	-277.568	-69.4502	-90.5493	-187.348	-21.2615	-94.9933	-623.758	-92.2532	-62.1657	-1011.47	-6.82886	94.1274	-177.116	-59.3411	176.615	-563.475	-97.9741	303.565	-976.679	-74.1506
528	-0.000984192	-0.00498962	-0.00634766	-0.702091	180.585	39.988	-8.19346	492.704	150.226	-155.394	173.065	71.2319	-243.121	-96.7826	45.3806	-353.135	-113.556	-234.292	153.99	188.105	8.74414	250.272	-55.6362	60.4324	430.229	-266.829	-66.2744	-92.7468	-185.138	-21.1267	-95.9786	-608.193	-97.3875	-36.6041	-1037.03	83.5466	94.1471	-176.053	-58.8748	173.392	-562.016	-96.8428	229.911	-897.09	-92.1396
528	-0.00418854	0.0128784	0.0253906	2.4601	178.991	34.7578	-10.9701	497.257	153.899	-153.292	176.447	58.9167	-247.748	-98.0526	60.9729	-340.542	-115.316	-225.114	158.212	181.535	10.5989	248.345	-50.7873	53.0601	424.695	-251.134	-76.8489	-96.9777	-180.509	-20.0476	-97.6799	-607.482	-109.652	-47.9094	-1028.15	42.4619	92.0407	-177.422	-49.3665	174.02	-563.733	-91.2273	250.474	-894.218	-113.949
528	0.000751495	0.00547028	-0.0117188	1.24873	177.307	42.5618	-9.04798	496.133	152.42	-152.77	173.889	61.3142	-246.502	-94.6499	53.2185	-351.018	-108.248	-232.952	155.267	180.726	23.8093	248.774	-65.6022	60.9814	423.998	-271.044	-61.7822	-95.0693	-179.379	-31.1619	-99.5948	-596.688	-115.214	-36.3638	-990.913	71.614	92.5748	-175.214	-54.0085	177.912	-566.725	-101.151	269.191	-954.893	-8.35645
529	-80.8998	240.465	111.9	-128.222	469.752	152.87	-178.941	690.479	191.277	-244.272	425.168	268.343	-334.257	119.624	244.209	-438.051	139.504	-44.2874	-12.1712	514.336	37.3977	198.135	303.324	-96.674	34.9076	98.2239	-252.771	-108.605	-17.645	145.584	134.82	-425.93	140.321	464.107	-725.583	36.8057	41.4485	40.0023	-3.72241	-50.137	-407.465	-135.45	-55.8541	-863.974	-155.415
529	-80.5724	237.411	110.995	-127.251	466.871	151.806	-176.649	687.386	189.808	-243.127	422.699	267.624	-327.433	119.1	247.992	-434.914	133.696	-38.2781	-11.3751	511.042	35.9885	199.391	303.261	-97.0071	36.1934	98.8567	-253.091	-108.808	-20.6056	145.062	136.857	-427.354	132.237	465.618	-730.529	37.9534	41.0211	36.5086	-4.69238	-49.1337	-410.338	-139.537	-53.0783	-867.155	-153.141
529	-77.1306	234.811	105.325	-123.269	464.663	144.513	-172.139	685.884	181.506	-242.576	421.505	257.184	-320.764	123.771	256.698	-433.058	127.661	-29.729	-3.96094	507.821	31.8418	198.232	307.267	-96.9036	37.4887	102.146	-255.341	-108.126	-22.9427	138.98	133.972	-432.047	138.315	467.411	-728.649	39.4448	46.1411	32.8616	-6.70605	-48.2992	-412.44	-143.616	-56.5244	-869.127	-131.404
529	-79.1776	232.89	107.302	-122.06	464.154	141.547	-169.799	685.75	173.853	-240.441	425.154	256.683	-321.546	121.022	248.679	-430.924	126.032	-37.627	-3.67881	503.154	26.4111	197.145	299.602	-100.689	31.9818	93.3317	-253.967	-112.829	-23.5878	147.493	134.135	-429.501	133.561	461.517	-735.401	43.2388	40.2381	26.839	-1.37842	-48.636	-418.876	-140.604	-53.933	-875.618	-124.464
529	-72.8922	229.632	103.907	-117.982	460.794	135.851	-166.095	681.667	164.858	-237.72	421.727	249.549	-324.979	117.198	246.348	-428.941	124.318	-41.7092	1.75746	499.861	22.1519	199.605	297.511	-100.328	35.8617	90.8713	-253.534	-105.215	-26.7872	145.471	139.03	-434.55	138.806	467.437	-739.148	47.7207	49.6098	23.7276	-1.5437	-43.68	-423.631	-132.436	-46.8707	-880.526	-126.516
530	0.00338745	-0.0103989	0	25.0992	174.241	65.7039	13.2267	469.696	196.587	-115.617	175.914	115.013	-238.574	-56.4886	123.897	-496.453	-21.3352	-57.3926	165.816	172.568	16.3943	312.708	66.8417	-111.576	407.988	371.335	-106.521	-109.341	-173.26	-36.1816	-162.181	-561.279	-149.926	-167.189	-907.986	-211.344	59.1562	-175.263	-95.2261	85.7909	-593.297	-85.6272	101.15	-982.873	6.39038
530	0.000732422	0.00769043	-0.00292969	32.0057	169.03	66.6685	11.6248	476.953	200.038	-104.622	176.847	112.437	-254.415	-35.934	135.818	-498.73	-17.6795	-64.1501	168.633	161.213	20.8997	292.706	44.4488	-110.185	397.94	341.091	-93.5259	-120.308	-163.963	-37.0935	-171.719	-562.153	-171.313	-167.788	-872.379	-226.471	56.2992	-174.067	-96.2551	86.87	-599.363	-83.8499	103.552	-986.013	15.4526
530	0.000732422	0.00769043	-0.00292969	32.0057	169.03	66.6685	11.6248	476.953	200.038	-104.622	176.847	112.437	-254.415	-35.934	135.818	-498.73	-17.6795	-64.1501	168.633	161.213	20.8997	292.706	44.4488	-110.185	397.94	341.091	-93.5259	-120.308	-163.963	-37.0935	-171.719	-562.153	-171.313	-167.788	-872.379	-226.471	56.2992	-174.067	-96.2551	86.87	-599.363	-83.8499	103.552	-986.013	15.4526
530	0.000732422	0.00769043	-0.00292969	32.0057	169.03	66.6685	11.6248	476.953	200.038	-104.622	176.847	112.437	-254.415	-35.934	135.818	-498.73	-17.6795	-64.1501	168.633	161.213	20.8997	292.706	44.4488	-110.185	397.94	341.091	-93.5259	-120.308	-163.963	-37.0935	-171.719	-562.153	-171.313	-167.788	-872.379	-226.471	56.2992	-174.067	-96.2551	86.87	-599.363	-83.8499	103.552	-986.013	15.4526
530	0.000732422	0.00769043	-0.00292969	32.0057	169.03	66.6685	11.6248	476.953	200.038	-104.622	176.847	112.437	-254.415	-35.934	135.818	-498.73	-17.6795	-64.1501	168.633	161.213	20.8997	292.706	44.4488	-110.185	397.94	341.091	-93.5259	-120.308	-163.963	-37.0935	-171.719	-562.153	-171.313	-167.788	-872.379	-226.471	56.2992	-174.067	-96.2551	86.87	-599.363	-83.8499	103.552	-986.013	15.4526
531	-64.1697	216.075	83.1055	-156.709	412.732	120.259	-254.878	603.534	153.95	-267.499	341.817	219.668	-397.131	78.6977	180.152	-549.108	134.415	-54.6924	-45.9197	483.646	20.8489	236.449	317.622	-32.3557	399.539	92.7286	-193.788	-40.0093	-24.3511	107.308	-63.1642	-395.277	-130.034	-65.4555	-817.129	-172.1	96.7494	63.1855	-15.4031	119.339	-354.135	125.274	378.842	-672.403	19.6631
531	-63.9206	214.282	84.0508	-158.003	410.311	120.645	-257.76	601.073	154.005	-268.01	338.865	220.544	-391.772	71.1314	182.481	-546.347	122.78	-51.4507	-47.9956	481.757	20.7451	237.423	312.501	-31.4575	405.416	90.0529	-189.217	-37.7353	-25.8426	109.115	-56.6857	-396.09	-129.669	-62.8685	-818.176	-168.927	98.0585	62.3511	-14.2017	121.692	-353.634	130.171	382.095	-669.078	18.488
531	-70.3458	219.976	88.7458	-163.432	416.735	123.907	-263.29	609.235	156.892	-273.356	346.686	224.875	-390.669	68.961	184.998	-546.571	123.138	-47.8838	-53.5087	486.783	22.9385	239.361	316.111	-37.3938	404.578	94.7906	-200.571	-45.1041	-20.0157	115.902	-62.1359	-389.167	-124.687	-71.373	-810.095	-173.707	90.5851	66.4515	-8.73291	123.744	-350.767	130.149	383.62	-668.181	22.8606
531	-78.0985	224.203	95.4014	-163.943	425.508	121.972	-256.346	620.7	143.626	-275.247	364.185	226.96	-397.161	68.0307	181.628	-549.483	125.355	-55.4751	-52.6378	486.83	16.9829	234.675	318.23	-36.0547	400.533	95.7769	-202.602	-60.9593	-14.954	133.637	153.263	-393.141	110.023	401.328	-713.315	-4.4585	76.4504	60.7505	4.0249	-50.3334	-348.499	-92.6702	-52.3855	-760.475	-179.11
532	-12.0564	265.737	118.314	4.6153	472.895	191.866	19.0964	675.954	266.669	-99.1351	437.53	314.988	-412.626	426.56	198.387	-414.579	693.79	94.0149	108.366	508.26	68.7449	28.4402	272.662	-172.314	-265.451	378.68	-193.053	-92.7598	36.7533	120.749	78.5902	-366.152	172.587	302.02	-712.444	72.8289	35.3034	80.4057	-31.2244	-48.42	-345.916	-106.27	-42.9676	-760.691	-194.129
532	-13.6364	267.579	121.668	3.22851	473.227	199.353	19.0938	674.944	278.289	-100.479	435.471	321.817	-412.325	424.49	192.238	-416.792	693.8	94.4578	106.936	510.983	76.8884	26.5956	272.689	-175.262	-269.979	375.985	-193.385	-94.5084	38.6273	119.567	81.1032	-362.484	171.374	303.161	-708.392	67.3887	33.5058	85.2328	-31.5996	-43.0417	-341.375	-112.761	-37.5572	-756.029	-201.273
532	-13.2249	274.545	122.542	4.93811	482.212	194.342	19.8032	687.539	267.649	-100.34	449.081	316.798	-413.059	430.956	198.151	-417.856	698.539	92.0925	110.216	515.342	71.886	28.223	278.609	-171.775	-270.628	379.967	-193.611	-96.3637	46.431	126.32	77.7536	-355.594	176.59	300.231	-702.707	77.5615	33.5881	87.3263	-24.835	-50.2812	-338.215	-104.401	-38.2676	-751.972	-196.382
532	-12.3666	279.185	122.656	8.37292	488.45	188.916	26.1062	694.909	255.538	-91.7298	458.029	316.324	-418.156	433.718	198.34	-418.161	701.689	92.3999	108.476	518.871	61.5085	27.0947	280.713	-169.463	-271.319	383.207	-191.238	-94.8833	51.1455	135.023	77.7343	-352.374	177.923	296.645	-698.702	68.9033	28.671	88.6931	-22.2329	-47.2132	-337.2	-107.793	-34.9677	-750.692	-200.919
532	-12.6001	278.693	123.004	11.2554	488.866	185.227	32.8201	697.38	248.573	-89.3978	462.471	312.974	-424.206	432.857	196.855	-417.444	699.507	87.3965	111.909	515.262	57.4802	23.8265	276.711	-169.926	-270.613	383.765	-190.782	-98.5903	52.2246	139.641	77.1965	-350.968	170.396	300.331	-697.69	71.5198	25.6794	84.8134	-18.0789	-46.3962	-340.597	-108.92	-33.8227	-755.485	-195.497
533	0.00968552	-0.00570297	0.00952148	12.0365	176.818	39.0654	57.8251	479.721	143.359	-156.706	183.312	61.6248	-355.357	301.856	-20.7288	-152.538	548.785	-126.455	180.779	170.324	16.5061	404.203	17.4213	73.9724	752.429	33.8903	97.8391	-105.381	-173.236	-26.5645	-186.364	-597.518	-79.1875	-205.308	-982.974	-88.9478	81.3467	-180.423	-51.5283	184.513	-584.869	-112.836	304.091	-941.084	-150.504
533	-0.000858307	-0.00331116	0.00195312	12.166	179.127	38.8831	60.0173	480.002	143.82	-155.961	185.509	62.092	-358.814	300.551	-16.1238	-154.32	543.638	-130.287	180.293	172.745	15.6741	402.834	18.7844	72.3096	751.116	34.2962	93.0522	-105.924	-175.575	-25.9368	-187.462	-602.232	-92.0757	-184.662	-1024.39	-49.2778	81.5889	-182.693	-51.8215	177.941	-590.403	-111.624	308.532	-949.589	-148.444
533	-0.00044632	0.000728607	-0.00195312	13.3412	178.486	40.4949	57.7057	482.965	145.299	-156.455	186.43	61.4224	-362.329	294.957	-22.9648	-151.865	549.91	-125.677	183.138	170.542	19.5674	417.043	17.8428	73.7898	766.552	39.8941	96.6636	-109.987	-173.963	-28.5874	-188.468	-603.652	-85.3389	-209.878	-993.561	-55.1282	83.303	-183.006	-52.4102	176.863	-588.49	-103.891	313.182	-936.495	-136.877
533	-0.00102615	-0.00133514	0.00366211	11.1242	178.234	40.4216	57.2449	483.875	142.438	-161.211	184.076	62.0945	-362.358	296.387	-21.4705	-146.314	549.564	-129.798	183.459	172.392	18.7488	412.037	20.0153	69.4502	751.973	48.3683	94.1975	-108.032	-174.952	-28.2273	-186.323	-598.7	-84.627	-208.842	-951.904	-72.8049	85.7796	-181.522	-52.6013	182.787	-587.671	-101.533	331.382	-965.184	-110.133
533	0.00865936	-1.14441e-05	0.00488281	15.8063	179.779	40.5791	53.0542	481.035	138.117	-150.345	188.86	65.0327	-362.581	296.225	-14.7793	-149.527	545.126	-136.608	181.958	170.698	16.1255	404.738	9.65472	63.8381	768.11	33.6721	94.4661	-113.329	-174.448	-26.2139	-188.105	-589.385	-65.2898	-177.727	-946.263	-99.3872	81.7507	-185.11	-54.9248	188.706	-583.379	-118.743	317.92	-968.95	-129.44
534	11.2702	96.6153	85.8577	-10.7922	312.592	130.823	-31.9061	520.564	173.895	92.4113	296.203	260.181	279.744	359.083	310.082	273.689	70.1592	328.809	-113.996	328.982	1.4646	-324.759	333.165	-95.5049	-372.427	561.939	82.1235	99.0268	-129.794	123.236	167.895	-545.345	-15.4861	234.114	-944.913	-148.873	-32.3617	-108.929	-41.4509	-87.5057	-529.805	-170.07	-87.515	-956.277	-170.124
534	13.3636	95.0535	85.3928	-8.59126	310.642	132.311	-29.7513	518.239	177.208	89.0829	291.596	265.537	290.841	367.149	311.644	268.855	78.546	324.077	-106.265	329.689	-0.915771	-325.292	336.761	-98.6846	-375.668	562.226	76.4402	96.0698	-132.382	121.339	165.604	-547.778	-17.6453	232.463	-947.196	-151.284	-25.4331	-108.689	-44.3894	-94.3351	-527.619	-172.726	-94.3362	-954.091	-172.733
534	14.7696	97.9858	86.9551	0.270473	314.469	132.599	-13.4474	522.904	176.458	102.172	293.915	262.456	283.76	386.702	317.044	268.816	97.3385	327.057	-101.631	335.024	2.7417	-322.739	355.909	-97.947	-353.472	581.003	86.9143	90.2539	-130.799	119.027	161.212	-547.192	-16.1062	229.442	-947.57	-146.042	-31.7163	-106.197	-36.4041	-100.411	-523.102	-171.28	-100.411	-949.574	-171.28
534	15.6557	89.9482	83.9207	-3.49126	306.58	127.132	-21.6694	515.149	168.724	97.6034	289.372	258.198	288.74	382.594	316.261	268.886	93.4435	324.895	-104.586	323.789	-3.93335	-318.991	351.536	-100.598	-348.129	576.747	86.1628	96.9766	-137.267	121.315	164.331	-553.801	-15.2573	229.095	-954.314	-146.577	-27.3712	-116.101	-39.897	-95.6434	-534.832	-169.215	-95.6434	-961.305	-169.215
534	15.2411	86.0052	81.4724	-3.62609	303.161	122.227	-21.7954	512.162	161.711	101.793	288.309	250.167	283.533	383.525	318.965	267.363	94.0939	323.688	-109.045	318.013	-5.7124	-326.773	360.92	-95.1492	-347.884	578.82	94.2292	98.6585	-140.245	119.058	165.29	-556.835	-17.741	229.359	-957.403	-149.278	-30.4419	-122.056	-37.6223	-97.8414	-538.028	-175.987	-97.8414	-964.501	-175.987
535	-46.7929	341.882	65.3381	-71.1347	534.88	171.805	-98.8713	724.175	269.642	-195.426	469.828	261.312	-318.205	174.95	336.621	-473.809	120.531	102.585	53.1569	599.933	82.2981	84.9519	328.376	-198.494	-122.834	183.446	-405.964	-98.8858	108.879	13.9146	65.1494	-276.833	158.73	340.765	-594.025	86.0537	53.9833	188.888	-96.1718	-73.0323	-235.879	-85.83	-18.3078	-658.706	-93.4414
535	-46.4623	341.558	67.3735	-71.6644	535.882	171.158	-100.262	724.972	265.176	-195.239	471.32	262.036	-317.535	174.3	336.714	-472.589	119.847	103.013	51.9104	600.445	80.2808	86.0328	328.03	-199.847	-122.091	182.851	-406.004	-97.2353	107.54	19.4612	62.6781	-276.061	173.898	338.083	-593.533	101.576	54.7151	186.927	-92.2839	-77.0864	-236.104	-75.1256	-22.9351	-658.977	-85.0156
535	-47.3557	343.589	68.3977	-72.6742	538.954	170.198	-101.356	728.003	262.094	-196.781	475.483	261.139	-320.808	173.958	328.262	-472.109	123.298	85.6787	51.4328	602.425	79.2568	86.9929	322.061	-198.615	-121.579	182.707	-406.029	-98.3478	109.197	22.5151	61.597	-276.899	170.901	335.578	-594.287	93.0078	54.2733	187.25	-89.3197	-76.4778	-236.495	-82.1837	-24.1815	-659.733	-80.9594
535	-54.4615	337.005	74.3308	-76.3239	533.916	173.921	-100.845	726.333	265.968	-197.531	471.999	269.736	-311.831	177.043	336.136	-454.405	104.462	109.113	44.8832	595.833	78.1052	86.4587	319.362	-204.494	-120.444	177.367	-409.207	-107.124	102.025	33.6536	67.6213	-280.519	174.358	339.232	-597.011	85.3289	41.9256	178.165	-84.1718	-81.6863	-247.758	-84.7317	-22.9003	-670.111	-82.5332
536	-15.9594	230.058	86.3098	-43.4662	442.937	142.015	-77.494	653.484	188.745	-201.307	411.442	184.434	-285.164	107.463	63.2747	-359.227	67.9951	-214.73	114.375	474.432	99.5964	366.881	312.047	161.891	261.185	74.8008	24.7686	-85.5064	-2.1861	56.687	-149.087	-411.208	-102.524	-306.715	-737.211	-327.554	108.601	36.5457	4.52197	150.058	-404.981	4.9563	171.99	-825.424	69.9336
536	-17.3148	229.283	85.6931	-44.054	442.357	141.041	-76.9133	653.576	187.891	-202.219	411.647	182.855	-287.975	104.801	61.092	-358.998	66.1951	-215.945	114.111	473.067	99.2266	367.594	310.73	162.477	259.934	75.7166	23.064	-87.8259	-2.67386	56.0557	-148.596	-413.582	-99.3923	-309.484	-737.435	-325.371	106.675	35.0915	4.63525	150.694	-406.189	10.0474	171.127	-828.996	60.1697
536	-18.8769	234.942	87.8594	-45.8912	448.234	142.205	-80.1799	660.307	188.184	-203.119	416.909	186.991	-289.648	111.235	64.2734	-359.769	64.0805	-213.035	111.337	479.559	97.4187	360.803	314.327	159.717	263.275	73.373	23.0452	-88.5371	2.38963	61.0515	-146.698	-407.691	-97.5618	-307.369	-731.736	-323.456	104.812	40.9112	5.97583	154.221	-399.734	14.9238	165.562	-823.577	59.6782
536	-16.9923	233.924	87.3911	-44.5183	447.039	142.168	-79.1166	659.341	188.386	-202.809	416.036	183.242	-292.906	108.327	60.0417	-360.947	67.2202	-220.12	113.772	478.041	101.094	367.523	313.345	165.594	262.635	78.6704	23.5964	-86.7883	1.74921	57.8677	-146.087	-408.689	-99.3811	-306.877	-735.754	-320.783	107.856	39.8714	7.36084	151.684	-401.444	11.634	171.564	-824.185	63.752
537	-41.1655	204.513	52.5	-21.478	407.81	138.858	-1.01333	602.144	228.624	-163.315	385.746	223.133	-362.739	497.816	337.802	-172.251	705.85	283.641	120.359	429.873	54.5828	292.366	596.73	-13.6013	125.786	742.907	223.366	-148.065	-12.3492	17.9607	-109.011	-450.942	70.9607	-161.422	-870.538	15.7358	26.359	14.7833	-85.6765	134.969	-411.712	-140.467	239.535	-806.032	-264.523
537	-44.0404	199.834	52.0271	-24.3899	403.459	137.641	-4.19602	597.741	227.226	-165.759	381.341	222.694	-366.664	485.848	339.705	-178.183	697.734	287.702	116.979	425.577	52.5874	296.417	591.45	-21.5488	126.122	736.517	213.925	-150.615	-17.39	18.7104	-108.139	-456.109	67.9417	-163.08	-875.47	13.4407	23.2334	9.80965	-85.8838	133.447	-415.673	-145.312	241.618	-810.05	-266.24
537	-42.1547	199.834	51.7798	-22.6187	403.415	137.523	-2.6139	597.875	226.717	-162.779	380.321	224.29	-357.721	498.735	335.964	-163.997	705.927	296.131	117.541	426.509	50.7563	296.455	593.41	-25.679	126.16	748.369	201.702	-147.875	-17.9485	19.3894	-107.251	-456.851	68.6057	-160.376	-876.688	16.1267	24.4937	10.4527	-87.3167	136.771	-414.63	-145.707	240.793	-810.187	-266.372
537	-42.3001	194.835	50.1213	-21.856	398.366	135.77	-1.72884	591.341	225.708	-160.784	375.011	224.43	-364.215	490.55	337.643	-173.979	700.392	287.19	117.072	421.72	47.1101	293.441	592.001	-27.1914	124.824	744.147	207.721	-148.167	-23.0564	18.9868	-104.177	-461.855	66.2114	-163.59	-880.485	10.8335	22.6783	5.6634	-90.0415	135.405	-419.435	-147.423	239.789	-814.207	-270.227
537	-41.8781	199.346	52.4937	-21.6154	403.184	137.456	-1.17113	597.898	225.087	-161.482	380.658	224.855	-359.626	497.576	339.787	-168.343	707.102	293.243	118.251	425.709	50.0571	293.234	592.841	-23.8823	124.308	744.961	206.007	-148.141	-18.3427	21.2705	-106.656	-457.433	68.0083	-162.763	-876.599	13.1553	23.8592	9.35794	-86.208	134.615	-415.788	-146.895	241.738	-810.423	-267.864
537	-44.1093	200.237	56.2336	-23.3489	404.99	138.844	-2.84744	601.215	224.29	-161.768	382.814	228.594	-366.853	486.297	341.114	-182.528	700.337	286.114	115.07	427.167	49.094	293.667	593.238	-22.613	124.315	743.801	210.135	-149.982	-18.1518	28.8093	-105.791	-457.351	71.863	-164.627	-874.967	8.62134	20.242	9.11992	-81.5627	136.296	-414.515	-143.001	239.017	-806.839	-274.803
538	50.6927	22.6813	122.453	-95.3817	174.206	52.7151	-235.253	328.018	-8.35986	-205.554	119.375	164.353	-221.342	-155.928	203.435	-211.182	-252.552	-71.0459	14.791	229.036	-58.9224	238.185	-42.4871	-190.544	41.1986	146.386	-147.015	129.024	-162.557	260.834	129.017	-606.089	260.83	128.953	-1032.56	260.904	264.51	-95.129	123.547	253.97	-535.849	74.8147	211.737	-956.713	20.3298
538	48.4731	23.0958	120.4	-97.0209	177.074	54.8613	-234.05	334.193	-2.31299	-204.242	125.136	170.864	-221.748	-153.488	201.004	-210.49	-256.995	-71.3542	10.1998	229.012	-61.1414	230.068	-23.3678	-190.604	34.462	169.204	-131.698	128.039	-162.818	257.267	128.036	-606.349	257.265	127.989	-1032.82	257.319	259.895	-98.9465	114.611	254.321	-541.74	89.658	223.169	-965.229	50.0879
538	38.4717	20.1283	113.927	-103.014	181.276	57.7656	-236.457	344.872	11.541	-209.328	128.578	174.392	-216.911	-150.52	210.921	-212.553	-255.077	-61.5168	3.30087	233.974	-58.8604	228.991	-24.8529	-189.179	32.1181	167.132	-134.183	114.586	-173.423	241.799	114.585	-616.954	241.798	114.558	-1043.43	241.83	245.328	-108.617	98.377	243.462	-552.069	90.2048	224.845	-977.5	66.9561
538	38.8512	21.9843	119.575	-103.211	182.255	62.0945	-235.321	344.762	14.4277	-212.379	125.604	173.942	-220.744	-145.46	203.91	-206.598	-258.344	-64.8306	5.95732	238.907	-49.7534	243.774	-39.3131	-193.777	40.899	155.594	-141.15	113.788	-173.121	245.828	113.787	-616.652	245.828	113.774	-1043.12	245.843	248.038	-103.453	108.282	247.644	-546.98	106.569	238.664	-973.215	95.4973
538	38.931	20.3574	117.904	-102.831	181.122	61.0278	-235.554	343.441	15.1785	-209.536	128.042	176.955	-219.787	-147.022	204.083	-207.623	-262.712	-63.5596	3.87482	234.202	-54.8992	221.853	-6.54599	-189.307	22.1668	184.144	-123.068	115.082	-173.045	246.06	115.082	-616.577	246.06	115.071	-1043.05	246.073	246.304	-107.77	103.498	246.051	-551.3	102.402	238.768	-977.616	93.4412
539	-24.543	258.906	56.2458	-79.651	462.008	126.182	-135.832	657.704	198.218	-239.843	417.001	130.661	-281.813	124.56	47.3835	-495.503	85.9988	-188.643	80.5406	507.016	121.703	300.533	282.292	231.192	387.04	13.2763	77.9326	-67.9316	28.1309	-10.9365	-121.565	-411.431	14.0493	-196.557	-826.987	-45.4639	129.062	83.4783	-16.4443	183.558	-348.315	-101.826	293.831	-757.256	-150.926
539	-23.4915	256.863	55.8369	-77.9163	459.937	126.392	-133.091	655.2	199.045	-238.378	415.791	129.678	-279.989	122.335	46.8755	-493.856	84.4827	-188.226	82.5457	504.084	123.105	302.856	281.49	230.12	387.789	12.6541	78.6047	-67.7315	26.6435	-12.697	-121.821	-412.63	16.0532	-198.326	-827.777	-44.3252	129.598	80.9331	-16.7385	186.138	-350.881	-100.703	291.399	-761.513	-146.689
539	-26.2167	255.355	56.29	-80.5941	458.504	126.671	-136.2	654.75	197.977	-240.792	413.645	132.38	-279.6	119.849	48.3984	-492.581	82.8408	-188.605	79.604	503.363	120.961	302.252	279.522	228.518	385.015	11.3874	71.9097	-70.3416	24.6238	-10.5801	-121.034	-415.228	15.1675	-195.774	-831.04	-42.5027	126.663	79.7893	-17.6011	187.76	-352.121	-97.7896	292.669	-762.279	-148.424
540	-20.9831	231.2	65.3076	-56.6078	440.584	129.086	-93.3987	648.497	181.19	-218.995	407.929	145.587	-375.591	80.567	117.921	-153.668	96.3488	-68.0088	105.779	473.239	112.584	311.251	290.019	159.49	239.169	47.2671	18.2515	-85.2052	1.73662	11.676	-138.419	-438.462	21.7219	-180.514	-853.52	-66.2976	114.488	41.8941	-8.61694	176.877	-387.255	-101.565	308.253	-786.053	-175.861
540	-21.8814	232.99	63.925	-56.4151	442.552	127.722	-93.4432	650.853	180.449	-218.962	410.727	144.274	-371.492	75.8669	107.12	-146.442	96.6405	-74.4666	106.132	474.378	111.171	316.322	289.743	161.441	235.679	52.3777	15.7742	-87.2944	3.85846	10.3049	-141.556	-436.249	18.189	-178.804	-853.851	-58.4094	112.599	42.9957	-10.0496	174.061	-386.332	-102.776	307.192	-784.598	-176.459
540	-18.8904	227.662	67.717	-54.0981	438.151	127.986	-91.2066	646.371	178.075	-216.419	405.882	145.859	-322.648	72.4631	45.54	-75.9055	114.267	-100.754	108.223	470.42	110.112	322.715	293.637	169.221	239.106	58.3068	21.8872	-83.49	-2.66733	18.4382	-141.381	-442.365	23.2419	-182.887	-856.791	-68.0994	116.125	37.0154	-3.54175	176.484	-391.113	-102.413	310.396	-788.983	-177.105
540	-24.5831	232.823	68.2063	-56.8481	442.806	131.746	-91.7304	650.853	186.008	-219.498	412.353	149.793	-329.261	73.588	56.3828	-86.1982	112.417	-96.8879	105.801	473.26	113.699	325.139	296.104	172.941	233.83	65.4172	23.1602	-92.3292	4.11465	15.7629	-144.037	-436.35	20.553	-176.687	-849.221	-80.8767	107.693	41.5651	-6.43042	174.829	-384.532	-109.525	313.638	-781.55	-179.226
541	-4.29092	267.102	70.1052	54.7688	475.138	119.199	118.285	680.018	164.051	-62.4925	532.763	16.0752	-107.026	266.35	-198.631	138.208	87.5608	-252.99	172.03	417.513	222.323	260.388	139.584	285.286	466.982	-11.4865	98.3384	-135.449	94.4965	-42.3945	-225.115	-329.431	52.2258	-316.576	-731.586	160.706	8.74796	23.6342	84.4175	98.324	-374.684	-88.79	125.965	-784.699	-202.739
541	-7.54668	267.9	68.5837	52.7935	475.323	118.701	117.271	679.132	164.224	-63.9892	534.177	15.7217	-107.988	269.033	-196.12	136.9	88.8183	-252.661	169.576	416.468	221.681	258.105	141.303	283.598	464.752	-8.75822	95.5447	-139.695	96.6651	-44.854	-227.788	-327.948	48.1956	-319.464	-730.497	155.041	3.92089	24.2879	81.7866	94.4527	-374.648	-89.5591	120.705	-784.081	-205.874
541	-2.77293	266.639	75.1091	58.8825	474.515	121.628	124.388	678.825	164.35	-55.8237	532.236	15.7222	-107.257	275.297	-192.887	137.034	89.7716	-247.549	173.589	416.793	227.534	263.503	145.408	290.427	463.443	-4.89674	95.4058	-134.959	94.2559	-36.5295	-223.823	-330.275	56.125	-316.11	-732.903	162.135	6.10232	23.2721	93.7097	99.4889	-374.303	-79.2832	127.892	-780.428	-206.241
541	-5.38806	265.814	72.2629	56.1991	473.199	121.016	123.287	677.767	164.891	-60.0224	532.07	17.4089	-101.475	268.167	-199.019	149.11	87.0898	-249.327	172.421	414.329	224.623	267.296	137.568	290.698	463.4	-15.2637	91.8706	-138.436	94.6252	-40.1943	-226.925	-330.312	50.9297	-316.737	-732.412	161.006	4.48547	22.2304	87.2144	96.6602	-373.739	-90.0522	123.011	-783.531	-205.029
542	13.538	231.306	146.891	9.01407	409.766	278.427	7.86247	585.979	406.173	-114.745	473.717	187.406	-261.608	566.991	-78.9985	-161.401	853.479	8.92676	132.773	345.815	369.448	285.973	56.8339	240.733	563.485	-84.618	145.282	-58.05	92.1766	-40.6235	-81.3985	-321.111	-199.81	-58.7942	-694.194	-405.12	94.1737	13.5166	71.3325	27.3144	-419.081	142.532	-56.4451	-828.539	224.295
542	16.3006	229.673	147.124	12.0325	410.376	275.572	12.3634	589.93	400.348	-106.776	476.034	179.255	-261.709	555.199	-78.9006	-165.753	844.227	-8.29224	130.841	344.717	371.889	278.933	59.148	243.924	553.476	-83.9588	148.469	-52.4816	89.3401	-40.5461	-87.5879	-322.924	-200.245	-67.5564	-696.61	-404.757	93.619	8.59884	77.8967	22.2518	-423.764	146.208	-63.1287	-835.459	215.915
542	18.9875	217.55	144.872	16.4539	400.055	270.816	17.0822	580.336	392.727	-100.874	465.97	172.94	-259.313	565.756	-76.2783	-154.804	856.578	8.21338	133.781	334.141	368.692	277.834	46.087	242.484	551.45	-91.7657	138.227	-50.6327	75.5804	-41.2646	-94.4094	-336.141	-200.148	-71.134	-706.358	-410.261	93.6749	-5.49126	79.1182	13.9484	-438.859	128.996	-73.2357	-845.271	223.687
543	-0.030941	-0.00151062	0.0317383	110.746	107.47	-67.4246	264.123	233.242	-60.3613	44.5339	113.982	-165.783	-84.8964	-108.156	-240.197	134.537	-313.214	-209.164	176.958	100.958	30.9336	156.381	-123.732	148.113	248.037	-431.525	-30.627	-168.56	-101.793	-18.303	-68.7997	-249.829	-273.512	-166.01	-554.404	-277.575	-53.0557	-113.153	153.279	125.564	-360.881	118.389	103.766	-693.928	193.046
543	0.0374374	-0.0280151	-0.000976562	116.102	97.701	-67.7412	267.266	223.198	-76.877	41.6625	125.274	-155.504	-84.4242	-94.4655	-246.376	141.531	-302.06	-213.806	190.542	70.1275	20.0212	165.947	-151.461	125.073	259.081	-457.13	-50.7366	-185.907	-71.8725	-14.6472	-28.4335	-223.247	-314.519	-145.76	-560.063	-308.675	-46.1474	-123.642	150.126	84.6265	-450.555	195.291	92.6918	-701.18	205.877
543	-0.0114441	0.00326538	-0.00317383	105.598	106.026	-68.9753	266.255	239.909	-65.207	32.5911	116.819	-164.173	-90.1702	-94.6363	-245.722	135.919	-308.717	-219.169	178.605	95.2334	26.2219	155.733	-119.635	137.254	245.745	-426.757	-35.6113	-167.651	-96.8495	-11.9158	-76.388	-312.818	-291.649	-164.203	-548.319	-293.508	-43.5903	-115.189	149.854	72.5126	-503.727	180.016	95.5336	-681.882	193.369
543	0.000846863	0.00254822	0.00244141	115.574	83.4294	-74.8953	282.288	230.075	-63.136	32.8214	112.083	-170.673	-60.8939	-113.802	-239.784	146.746	-317.339	-210.535	198.327	54.7754	20.8823	177.618	-145.723	128.568	272.506	-446.66	-40.1729	-180.489	-60.9464	-0.233643	-44.2343	-242.378	-299.968	-126.398	-578.873	-270.505	-50.6561	-105.902	150.034	85.1574	-471.494	189.034	110.339	-670.601	183.16
544	0.0026741	-0.00556946	0.00366211	-6.56718	181.844	51.2061	47.1467	495.46	260.896	-140.463	187.046	15.5493	-299.506	12.9731	-96.1555	-110.489	-31.246	-315.365	127.328	176.642	86.8628	177.186	40.5355	267.958	438.203	-107.3	161.118	-74.1694	-178.718	-72.7004	-82.9407	-611.334	-117.348	-31.9394	-976.876	-29.7322	87.3144	-184.992	-29.697	165.024	-581.494	-43.46	201.428	-954.627	11.7908
544	0.0160065	-0.0120826	-0.0175781	-11.7739	166.496	19.4839	43.0679	494.911	300.823	-176.122	149.432	65.8201	-328.546	-12.7315	-88.8281	-115.72	-70.7869	-296.476	152.574	183.56	-26.8523	206.077	174.359	262.503	475.639	-32.3524	253.278	-77.1188	-175.753	5.55249	-70.2068	-605.549	-54.4949	-38.0917	-963.772	110.512	100.731	-157.287	-44.5906	175.465	-550.215	-70.7505	203.827	-922.935	11.7717
544	-0.00676727	-0.0303593	-0.013916	-15.6253	178.495	35.9978	50.2493	474.94	276.562	-159.685	165.912	35.8975	-282.339	0.957611	-126.426	-84.1569	-54.1814	-325.78	128.434	191.078	36.0981	167.799	106.062	261.315	441.421	-94.295	238.65	-66.6405	-185.74	-36.083	-56.0453	-596.623	-107.154	-35.2438	-978.044	28.553	97.8642	-171.371	-35.9683	173.354	-558.745	-60.0535	210.647	-948.827	7.28223
544	-0.00479889	-0.0115662	-0.0163574	-10.7661	187.362	41.8042	32.9662	469.274	269.764	-141.49	184.484	21.0591	-276.38	20.4755	-115.856	-65.6415	-37.3986	-318.649	119.958	190.239	62.5493	148.528	59.805	260.397	422.87	-127.763	203.586	-73.4713	-189.239	-55.2034	-60.5029	-599.952	-123.76	-31.6342	-982.921	-17.6462	94.9844	-185.531	-28.4705	173.68	-583.29	-59.7175	206.043	-936.028	-37.1582
544	-0.0296936	0.000873566	0.00537109	-1.63677	189.999	58.7808	27.9713	478.236	258.367	-120.828	204.847	7.52368	-281.544	37.5679	-115.695	-75.7163	-27.547	-310.361	117.554	175.151	110.038	155.8	13.6012	248.696	413.624	-143.019	175.57	-74.2442	-180.552	-91.3765	-64.6779	-583.295	-163.886	-36.0994	-936.748	-64.5854	77.399	-199.443	-26.1636	156.698	-592.712	-50.969	205.113	-960.063	-28.6672
545	-0.557274	270.036	109.612	-41.5097	469.855	161.921	-90.19	677.682	208.115	-141.755	422.067	265.988	-335.852	191.786	336.049	-357.538	154.589	58.0022	58.7354	517.643	57.8547	127.497	241.91	-167.135	40.0341	32.739	-396.895	-25.5228	38.7925	125.733	-62.8867	-386.204	96.6765	-22.3377	-766.63	30.8643	106.313	101.64	-11.1287	101.959	-304.922	-143.609	158.988	-675.013	-246.019
545	-1.84712	271.268	110.439	-42.3181	470.9	163.786	-91.0539	680.78	213.451	-142.861	422.821	267.428	-330.038	186.775	337.009	-356.382	149.955	57.7827	58.225	518.979	60.1433	128.502	240.911	-166.269	41.8388	30.4491	-393.741	-27.4903	40.021	125.245	-66.6211	-384.66	94.3115	-25.7499	-764.128	23.5601	104.738	103.251	-11.0593	99.3434	-303.504	-142.877	156.157	-671.897	-251.295
545	-4.02717	271.664	114.42	-42.4916	472.384	165.15	-89.5565	683.189	210.718	-144.881	426.764	268.016	-320.47	195.521	338.737	-352.009	143.577	58.2791	59.8981	518.004	62.2849	124.873	236.25	-169.201	40.4278	24.3656	-397.475	-32.9148	40.9353	131.354	-61.5681	-384.835	103.993	-25.536	-763.548	26.8889	101.789	100.953	-3.97607	95.6554	-304.163	-140.739	154.133	-672.433	-248.729
546	9.00109	311.587	121.342	21.9978	499.057	216.343	39.0557	702.516	303.458	-122.311	528.46	178.062	-130.374	337.91	-96.5188	176.604	360.933	-92.6711	166.306	469.653	254.624	221.028	252.281	46.6816	-50.8334	251.498	-63.1521	-98.8803	143.45	1.1709	-150.993	-280.892	2.10254	-217.912	-653.609	-82.7539	90.8891	104.783	51.5112	122.179	-319.946	13.0229	234.566	-685.214	-55.0186
546	11.1799	312.772	122.683	24.3743	500.31	217.535	41.5189	704.175	303.567	-119.966	529.776	179.355	-131.895	336.614	-95.4299	175.167	354.947	-98.8926	168.715	470.844	255.715	219.996	250.838	44.738	-51.1228	248.186	-67.1213	-96.9213	144.609	2.72705	-148.274	-279.847	-0.966309	-215.758	-653.476	-81.7703	92.8923	105.86	52.9346	125.658	-319.073	18.0488	234.693	-685.455	-49.3574
546	10.0187	315.333	123.845	23.2809	503.082	218.267	40.9904	706.688	304.692	-121.362	532.11	180.865	-135.628	341.434	-96.1326	174.005	358.689	-97.4941	167.924	474.055	255.669	207.161	256.728	34.3264	-67.1676	251.469	-69.2793	-98.3551	146.671	4.82837	-148.827	-277.938	0.607666	-216.068	-652.341	-76.8518	91.8682	108.497	54.0168	122.853	-316.341	16.7224	236.587	-682.07	-46.1226
546	12.1084	318.024	123.88	25.5314	505.572	218.681	43.4845	709.022	304.654	-118.403	535.669	179.518	-145.777	342.009	-91.5679	164.489	350.657	-99.0435	169.465	475.474	257.844	213.798	259.792	40.2354	-58.6061	254.442	-68.3662	-95.9748	150.271	3.32251	-143.13	-274.703	0.5354	-213.25	-649.018	-74.5203	93.3458	110.683	54.8342	128.845	-314.17	21.9656	233.681	-681.073	-48.8076
546	7.88539	311.511	121.396	22.7977	499.174	215.745	41.7244	703.119	304.387	-122.249	528.556	180.228	-150.611	336.912	-89.0581	158.299	342.154	-102.427	167.844	469.791	251.262	215.941	235.718	41.5835	-55.4751	251.587	-68.2878	-102.404	143.17	3.69287	-146.633	-282.134	0.824707	-215.635	-655.711	-78.8853	88.3505	104.528	50.4023	125.72	-320.239	18.4143	234.988	-685.962	-52.2634
546	8.35362	313.908	129.76	23.409	503.133	220.898	42.1026	706.643	306.669	-121.535	532.125	184.649	-135.083	338.938	-94.5627	173.688	354.794	-97.7231	168.353	474.142	257.147	213.19	240.649	38.6003	-63.9618	230.897	-56.5652	-102.011	143.746	14.7864	-149.143	-281.184	6.99316	-216.505	-654.342	-75.9292	88.6078	105.619	62.4583	124.279	-318.519	21.6946	233.99	-685.42	-41.7026
