SVM_MODEL_FILE_V2.0
Trained: 1
UseScaling: 1
NumInputDimensions: 45
NumOutputDimensions: 0
NumTrainingIterationsToConverge: 0
MinNumEpochs: 0
MaxNumEpochs: 100
ValidationSetSize: 20
LearningRate: 0.1
MinChange: 1e-05
UseValidationSet: 0
RandomiseTrainingOrder: 1
UseNullRejection: 0
ClassifierMode: 0
NullRejectionCoeff: 5
NumClasses: 30
NullRejectionThresholds:  0 0 0 0 0 0 0 0 0 0 0 0 0 0 0 0 0 0 0 0 0 0 0 0 0 0 0 0 0 0
ClassLabels:  517 518 519 520 521 522 523 524 525 526 527 528 529 530 531 532 533 534 535 536 537 538 539 540 541 542 543 544 545 546
Ranges: 
-146.41	262.997
-468.605	230.009
230.009	2439.3
-233.249	253.536
-313.214	405.633
230.009	2528.46
-333.107	247.542
-159.402	592.385
230.009	2656.2
-343.559	368.759
-368.044	445.65
230.009	2554.66
-546.166	620.474
-643.347	474.304
230.009	2559.97
-617.795	679.981
-751.674	757.682
230.009	2740.63
-192.739	296.88
-258.383	439.915
230.009	2622.89
-339.961	609.026
-529.907	563.058
230.009	2955.26
-392.573	826.589
-606.515	718.016
230.009	3069.28
-235.503	342.496
-662.007	230.009
230.009	2423.46
-183.397	253.771
-1105.54	230.009
230.009	2388.08
-263.204	468.932
-1532.01	230.009
230.009	2399.96
-221.874	336.569
-597.085	230.009
230.009	2459.39
-171.182	367.463
-1040.54	230.009
230.009	2397.21
-207.219	399.186
-1466.58	230.009
230.009	2474.33
ModelType: C_SVC
KernelType: LINEAR
Degree: 3
Gamma: 0.0222222
Coef0: 0
NumberOfFeatures: 45
UseShrinking: 1
UseProbability: 1
NumberOfSupportVectors: 116
RHO: 
0.737323	0.650893	0.513347	0.516998	0.397068	0.65353	1.07157	0.388806	0.403972	0.740043	0.398546	0.347455	0.589825	0.198506	0.0889474	0.122383	0.701728	0.19019	0.412696	0.471586	-0.102877	0.271531	0.325349	0.469384	0.109759	0.399706	0.544975	0.822292	0.437161	-0.0149016	-0.298501	0.238605	-0.0131191	-0.598777	0.0759586	-0.088019	0.0724399	1.11589	0.290573	0.107649	0.316729	-0.0927347	-0.364635	-1.20028	0.0230787	-0.14557	0.120902	-0.846692	-0.347576	-0.161313	-0.0282668	-0.34703	-0.480943	0.254803	0.527894	0.412265	-0.285039	-0.124402	0.478806	-0.151733	-0.11943	0.105384	-0.1396	0.0879775	0.875419	0.282054	0.0227509	0.0726558	-0.0826074	-0.369753	-0.611281	0.0981361	-0.139541	0.0563435	-0.543005	-0.277143	-0.139585	-0.0393434	-0.196371	-0.500001	0.276952	0.669575	0.296989	-0.334645	0.743395	0.148071	-0.0272664	0.200567	0.509551	0.455459	1.8464	0.794575	0.107989	0.702256	-0.114625	-0.384024	-1.42262	0.0679893	-0.143852	0.976385	-0.719886	-0.360749	-0.0772416	0.23458	-0.11457	-0.491892	0.348011	1.21307	1.83031	-0.30982	-1.41451	-0.536349	-0.14564	-0.954251	-2.11334	0.731553	-0.0627157	-0.327018	-0.238911	-0.808972	-1.15128	-1.1034	-0.132926	-0.784013	-0.539718	-0.96872	-0.344999	-1.57347	-1.25121	-0.512008	-1.46917	0.145399	0.935244	0.0398871	-1.10026	-0.0585709	0.17942	0.254708	0.282274	1.21808	1.02804	0.0444177	0.131264	-0.140579	-0.520603	-0.830359	0.0145516	-0.237157	0.283135	-0.542464	-0.33244	-0.255681	-0.092247	-0.193361	-0.70512	0.397044	2.14805	0.5377	-0.382297	0.407398	0.11584	0.266187	1.47249	0.419685	0.106803	0.833218	-0.0383501	-0.329997	-0.892753	0.0740416	-0.104305	0.371868	-1.11747	-0.288546	-0.0348947	0.124402	-0.106859	-0.35238	0.253603	0.651138	1.10586	-0.138015	-0.0870023	-0.056278	0.501268	0.0968388	-0.0799723	-0.0686415	-0.144744	-0.654593	-0.764031	-0.183013	-0.264745	-0.07423	-1.82919	-0.433414	-0.202209	-0.120435	-0.186866	-0.481726	0.0760934	0.301507	0.201802	-0.305459	0.358731	1.18819	0.801854	-0.00571495	0.156607	-0.206811	-0.555395	-1.32743	0.00557491	-0.263946	0.0672439	-0.533402	-0.315456	-0.463229	-0.282216	-0.338297	-1.22286	0.328096	1.54327	0.447893	-0.516567	0.8933	0.869941	-0.0488823	0.00970546	-0.319043	-1.05604	-0.755467	-0.0225251	-0.610042	-0.0628879	-0.647023	-0.301038	-0.641563	-0.463397	-0.245114	-1.23081	0.259231	1.56732	0.30508	-0.640653	-0.898996	-0.368007	-1.39402	-0.655343	-0.608656	-2.25496	-0.273238	-0.486948	-1.61445	-1.38281	-0.588831	-1.30282	-1.47169	-2.28283	-0.811923	-0.131911	-0.533545	-0.986272	-1.89813	-0.220281	-0.281265	-1.06264	-0.855593	-1.17541	-0.102245	-0.60774	-0.638931	-0.686105	-0.403251	-2.81799	-2.09178	-0.483604	-1.34572	0.207123	2.40574	-0.00362415	-0.901202	0.0169262	-1.30682	-1.19011	-0.332182	-0.000372075	-1.04128	-0.00247377	-0.333363	-0.331202	-0.159318	-0.094075	-0.0858718	-0.503133	0.171589	0.447187	0.197517	-0.131537	-0.172614	-0.400942	-1.98495	-0.00999086	-0.193693	-0.0747698	-1.06654	-0.384934	-0.317105	-0.153382	-0.505458	-0.559405	0.246881	0.599708	0.422644	-0.495639	-0.68481	-0.252865	0.184413	-0.289305	0.34684	-0.179527	-0.279445	0.298165	0.3878	0.0457061	-0.506918	0.281242	1.05159	0.297692	0.076855	0.0302309	0.532817	1.64018	0.443206	0.114399	-0.111246	0.414422	0.476961	0.239276	0.128493	0.410645	1.04889	0.561717	0.400724	0.250426	0.153724	1.40851	0.235459	-0.184235	0.740683	0.993647	1.09912	0.0354367	0.548557	1.60246	1.23279	0.918226	-0.211577	-0.00378827	-0.255377	-0.370578	-0.0661147	-0.0224233	-0.0782345	-0.323699	0.180362	0.271957	0.114612	-0.118812	0.224784	-0.132009	-0.207243	0.132827	0.19276	0.0556078	-0.271422	0.288845	0.776241	0.377647	0.0920659	-0.74646	-0.388636	-1.1288	-0.609737	-0.383728	-0.712846	0.290629	1.22806	0.497065	-0.697199	-0.164808	0.428903	0.567159	0.371531	-0.0498024	0.331472	0.889492	1.09216	0.589998	0.310351	0.360974	0.29088	0.149283	0.678744	0.508471	0.465742	0.294016	0.877301	-0.0178376	-0.558157	0.338398	2.15214	0.648659	-0.041492	-0.17094	-0.643436	0.33277	2.52097	0.504832	-0.471631	-0.339422	0.43876	0.78713	0.562799	-0.034465	0.576042	1.99653	0.580354	0.549676	-0.0743669	-0.138008	-0.42178	-0.29504	-1.67925	-0.796984	
Label: 
517	518	519	520	521	522	523	524	525	526	527	528	529	530	531	532	533	534	535	536	537	538	539	540	541	542	543	544	545	546	
ProbA: 
-1.83946	-1.63805	-1.77464	-1.6618	-1.81301	-1.72156	-1.79458	-1.76829	-1.59747	-1.84642	-1.85477	-1.7949	-1.83544	-1.75825	-1.81708	-1.7914	-1.84883	-1.71984	-1.71295	-1.87685	-1.85981	-1.60043	-1.70656	-1.76333	-1.57917	-1.68123	-1.81399	-1.57331	-1.88694	-1.16951	-1.6035	-1.86246	-1.59178	-1.61688	-1.69415	-1.5656	-1.46263	-1.52669	-1.60107	-1.69825	-1.92302	-1.55599	-1.97047	-1.46952	-1.69525	-1.77998	-1.24495	-1.7116	-1.68732	-1.29356	-1.43744	-1.4029	-1.64325	-1.53502	-1.72678	-1.49479	-1.44715	-1.2079	-1.39068	-1.55424	-1.16026	-1.58751	-1.3872	-1.41985	-1.3872	-1.69605	-1.72985	-1.30538	-1.69347	-1.75084	-1.27571	-1.73146	-1.65982	-1.25548	-1.63426	-1.64632	-1.42694	-1.4471	-1.04465	-1.40213	-1.59228	-1.51009	-1.12561	-1.28874	-1.70375	-1.82619	-1.69638	-1.74094	-1.7758	-1.56661	-1.82702	-1.84653	-1.77194	-1.78577	-1.69066	-1.77837	-1.77657	-1.77242	-1.68074	-1.70449	-1.85368	-1.78354	-1.58348	-1.71761	-1.67404	-1.57076	-1.69082	-1.69607	-1.59968	-1.86304	-1.77485	-1.60071	-1.6024	-1.71416	-4.3249	-1.76488	-1.85609	-1.67291	-1.70468	-1.61047	-1.67861	-1.66565	-1.68956	-1.56937	-1.62502	-1.76443	-1.68033	-1.48837	-1.64181	-1.60933	-1.46276	-1.5836	-1.76019	-1.50591	-1.75518	-1.7357	-1.74969	-1.84086	-1.63633	-1.90504	-1.96014	-1.84022	-1.84629	-1.77024	-1.83714	-1.8024	-1.84838	-1.7413	-1.73177	-1.88045	-1.84623	-1.61826	-1.76678	-1.72229	-1.60549	-1.7263	-1.8619	-1.61095	-1.89707	-1.61965	-1.68759	-1.48531	-1.75772	-1.76496	-1.68229	-1.72461	-1.64204	-1.69514	-1.692	-1.68575	-1.59509	-1.59723	-1.76004	-1.69183	-1.48981	-1.59073	-1.59983	-1.48868	-1.60015	-1.65907	-1.49039	-1.74623	-1.75055	-1.5387	-1.83489	-1.82909	-1.76338	-1.76243	-1.73781	-1.73971	-1.76213	-1.7802	-1.64305	-1.6754	-1.7148	-1.73873	-1.55872	-1.67876	-1.67433	-1.56279	-1.67496	-1.77903	-1.5597	-1.80445	-1.59474	-1.82857	-1.84039	-1.77472	-1.76884	-1.70942	-1.78432	-1.76079	-1.77846	-1.69194	-1.6996	-1.85348	-1.76301	-1.57849	-1.66197	-1.67586	-1.56493	-1.65254	-1.72243	-1.57948	-1.84911	-1.64659	-1.6637	-1.57838	-1.58197	-1.55602	-1.58376	-1.57028	-1.58133	-1.48675	-1.48789	-1.64752	-1.58319	-1.38078	-1.57461	-1.48111	-1.37171	-1.49335	-1.55434	-1.37413	-1.65232	-1.92734	-1.81956	-1.86343	-1.7159	-1.8516	-1.8623	-1.84203	-1.75041	-1.75534	-1.93011	-1.83988	-1.65324	-1.76922	-1.76386	-1.66164	-1.75308	-1.81801	-1.61578	-1.9374	-1.83265	-1.84172	-1.74889	-1.84193	-1.84762	-1.84794	-1.74039	-1.77618	-1.92245	-1.85359	-2.03088	-1.85176	-1.75162	-1.62521	-1.75513	-1.9978	-1.65574	-1.9118	-1.77679	-1.55212	-1.75932	-1.77209	-1.77308	-1.71604	-1.68903	-1.8512	-1.78254	-1.58504	-1.68717	-1.68449	-1.5759	-1.69134	-1.76501	-1.57201	-1.85248	-1.70786	-1.78787	-1.77938	-1.78226	-1.68721	-1.6992	-1.83827	-1.78593	-1.58465	-1.69826	-1.69065	-1.58124	-1.68787	-1.71121	-1.58398	-1.85023	-1.76218	-1.65037	-1.77545	-1.48005	-1.56422	-1.7571	-1.70954	-1.40798	-1.5012	-1.58516	-1.54708	-1.62867	-1.71056	-1.52088	-1.74295	-1.77431	-1.76894	-1.69704	-1.69382	-1.85967	-1.77768	-1.5829	-1.684	-1.69077	-1.57762	-1.69184	-1.75523	-1.58204	-1.85841	-1.77221	-1.68204	-1.68361	-1.85381	-1.7852	-1.57357	-1.67661	-1.68831	-1.56807	-1.68791	-1.70742	-1.57708	-1.84185	-1.68052	-1.69617	-1.85268	-1.78027	-1.58317	-1.68838	-1.68786	-1.58332	-1.6927	-1.76033	-1.58539	-1.8599	-1.59775	-1.75722	-1.69171	-1.49012	-1.58811	-1.59708	-1.48649	-1.60399	-1.67603	-1.48448	-1.76351	-1.76212	-1.69243	-1.99526	-1.63025	-1.59248	-1.48833	-1.59477	-1.66061	-1.48773	-1.76638	-1.85732	-1.65044	-1.75656	-1.76969	-1.65278	-1.76715	-1.84454	-1.65805	-1.92646	-1.58268	-1.68861	-1.69464	-1.58279	-1.68499	-1.76497	-1.58484	-1.86035	-2.88972	-1.48136	-1.39656	-1.48844	-1.67725	-1.37433	-1.64787	-1.57072	-1.4846	-1.59173	-1.70249	-1.49074	-1.77256	-1.48406	-1.59883	-1.64187	-1.48774	-1.74747	-1.48773	-1.52593	-1.37842	-1.65199	-1.68126	-1.49328	-1.76598	-1.53779	-1.77285	-1.6463	
ProbB: 
-0.239954	-0.233546	-0.00635007	-0.12827	0.0232878	-0.128866	-0.0456545	-0.0167847	-0.223433	0.0528075	0.0755277	-0.0297517	-0.0604492	-0.0651205	-0.0396081	-0.0225845	-0.0905997	-0.129938	-0.110763	0.0441829	-0.0888088	-0.223938	-0.126793	-0.226184	-0.205383	-0.0926299	-0.131584	-0.20586	0.0350952	-0.0919015	0.15785	-0.514611	0.29536	-0.0210699	0.064115	0.183768	-0.0949889	0.35396	0.292552	0.0579751	-0.248164	0.0776175	-0.213051	0.250877	0.0729401	-0.231711	0.244225	0.213285	0.0925247	0.0359669	-0.2809	0.156017	-0.458949	0.058461	-0.364891	-0.129831	0.396016	0.259464	-0.0719131	0.0129303	0.154628	-0.00943289	0.0801124	-0.257377	0.302675	0.0852001	-0.00212009	0.248318	-0.0844577	0.0150464	0.256514	0.0251042	-0.0903072	0.0888438	0.121589	0.11593	-0.193186	-0.0474355	0.208991	-0.144966	-0.0573422	-0.0576972	-0.0274659	0.310881	-0.0638207	0.0660372	-0.0871327	-0.0246857	0.00296144	-0.198751	0.0897988	0.0770118	-0.00293973	0.00690443	-0.0713566	0.00391445	0.0011602	0.0101851	-0.0955027	-0.0936625	0.0721909	-0.000651557	-0.18386	-0.0810017	-0.0888469	-0.203373	-0.0907392	-0.048603	-0.198794	0.0734246	0.138617	0.00123981	0.0531513	0.0659535	1.72307	0.157825	0.0389795	0.101113	0.0891146	0.201732	0.103453	0.0927016	0.0918167	0.0174943	-0.0400964	0.154147	0.101664	-0.124892	-0.0555315	-0.0349547	-0.11311	0.0216304	0.0495701	-0.117164	0.160345	-0.140308	-0.0590851	-0.0630073	-0.239155	0.00408482	-0.0522369	-0.0658369	-0.0648233	-0.111128	-0.054584	-0.0505183	-0.0721206	-0.145314	-0.148996	0.0460149	-0.0666872	-0.245079	-0.162685	-0.147483	-0.248677	-0.137187	-0.0552407	-0.233359	-0.00138626	0.0306086	0.0860231	-0.117108	0.170015	0.155702	0.0808609	0.113477	0.0447301	0.089318	0.0866176	0.0900697	-0.0110953	0.00145193	0.173846	0.0940401	-0.112641	0.000421859	-0.00560587	-0.117477	0.0051545	0.0693964	-0.108709	0.156282	0.0259246	-0.152576	0.0539547	0.0937382	-0.00111999	0.00042766	0.00397775	0.0277087	-0.00368121	-0.0155437	-0.0671131	-0.0684854	0.170027	0.0422407	-0.179265	-0.0745564	-0.0724476	-0.190101	-0.0725001	-0.0032531	-0.184596	0.117547	-0.198257	0.0896219	0.0740299	-0.00226509	0.0160653	-0.0244892	0.00370507	0.0139669	-0.00220474	-0.0971717	-0.091904	0.0698918	0.0182176	-0.203723	-0.0570483	-0.102326	-0.20071	-0.0508012	-0.0213856	-0.199042	0.0610738	0.267495	0.267171	0.198848	0.21212	0.282896	0.20082	0.191202	0.198784	0.103	0.116385	0.272967	0.199531	0.00316725	0.0590556	0.0987616	-0.0123067	0.114171	0.1652	0.00506053	0.26955	-0.00929117	-0.0548021	-0.0769083	-0.216621	-0.0652807	-0.073354	-0.061595	-0.160262	-0.158514	-0.000809352	-0.0593032	-0.274872	-0.159271	-0.168934	-0.265545	-0.180237	-0.11122	-0.239706	-0.00485648	-0.0574754	-0.0585871	-0.11627	-0.0594801	-0.0702262	-0.0639206	-0.146059	-0.165973	-0.0036604	-0.0762357	0.048569	-0.127829	-0.172338	-0.263757	-0.152514	-0.0559951	-0.281129	-0.0157115	0.0069156	0.290852	-0.00347946	-0.00319771	-0.00818147	-0.0841822	-0.0859523	0.0797458	0.00214596	-0.200375	-0.0954353	-0.08774	-0.209848	-0.0863757	-0.0118898	-0.188178	0.0780477	-0.0781505	-0.00490867	-0.0036261	-0.0102452	-0.101377	-0.0967479	0.0840865	-0.00157167	-0.208693	-0.0938668	-0.0921515	-0.204513	-0.089802	-0.0627153	-0.203215	0.0665315	-0.224736	0.123937	-0.0742332	-0.385777	0.0373175	0.166358	0.0681171	-0.0501706	0.0372845	0.00525699	-0.247508	-0.0243844	-0.0436568	-0.158987	0.185103	-0.0110128	0.00232759	-0.0796327	-0.0899302	0.0743424	0.00251859	-0.200514	-0.0994267	-0.0979461	-0.201655	-0.0917052	-0.0211583	-0.19864	0.0709578	0.00514253	-0.0879035	-0.0792839	0.0812908	-0.00346315	-0.19633	-0.091579	-0.0876919	-0.190886	-0.0906229	-0.0434315	-0.193203	0.0814688	-0.0768669	-0.0901627	0.0809708	-0.0042758	-0.197117	-0.0913068	-0.0853217	-0.199546	-0.0959543	-0.0225937	-0.197675	0.0778392	0.0066679	0.172585	0.088837	-0.103517	-0.00902975	-0.00240968	-0.116747	-0.00109766	0.080612	-0.095319	0.168888	0.158396	0.0883634	0.588559	0.0191717	-0.0111503	-0.11928	-0.00580174	0.060489	-0.114608	0.159096	-0.0751513	-0.269923	-0.159834	-0.170563	-0.280346	-0.164956	-0.0803576	-0.273632	0.000531468	-0.197852	-0.0887433	-0.0897347	-0.19804	-0.0910777	-0.00907095	-0.204041	0.0805138	-0.965652	0.104059	0.0153252	0.105104	0.132189	-0.000756395	0.268995	0.010338	-0.117146	-0.0024437	0.0913991	-0.11811	0.163555	-0.103533	-0.00333667	0.0724464	-0.109325	0.172213	0.10993	0.163957	0.00447981	0.279776	0.0848693	-0.108555	0.166004	-0.164769	0.120212	0.265515	
NumSupportVectorsPerClass: 
2	4	4	5	4	5	4	4	4	3	5	6	5	3	2	3	4	4	4	4	4	4	3	4	3	3	3	5	3	5	
SupportVectors: 
0.065176	0.00192462	0	0	0.00584311	0.10298	0.19446	0	0.00281656	0	0	0.00756421	0.0609555	0.0026675	0.0401554	0.0128835	0.117905	0.0128446	0.00178573	0.159783	0	0	0.00368644	0	0	0	0	0	0.0318597	1	0.83885	2	0.777889	3	1	4	0.834724	5	0.822085	6	0.969397	7	0.844874	8	0.844137	9	0.922735	10	0.818064	11	0.85017	12	0.841602	13	0.835538	14	1	15	0.729292	16	0.781195	17	1	18	0.680278	19	0.288332	20	0.595488	21	0.994258	22	-0.222467	23	0.558879	24	1	25	-0.330693	26	0.814719	27	1	28	0.857841	29	0.459884	30	0.897695	31	0.94711	32	0.0508622	33	0.814251	34	0.357387	35	-0.13693	36	0.686749	37	0.48226	38	0.291979	39	1	40	0.118013	41	-0.0845595	42	0.954734	43	-0.0570813	44	-0.257392	45	0.816025	
0.156257	0.200015	0.16792	0.125136	0.125505	0.0845508	0.0231306	0.134985	0.11374	0.129243	0.0989205	0.0958131	0.0932776	0.0705202	0.0415367	0.122541	0.0453591	0.0682044	0.120301	0.00914175	0.0503163	0.0975654	0.0987741	0.177338	0.102131	0.0809326	0.113247	0.206419	0.123348	1	0.862401	2	0.75324	3	0.964613	4	0.838791	5	0.806657	6	0.923148	7	0.828061	8	0.836004	9	0.868411	10	0.839069	11	0.817656	12	0.798086	13	0.802549	14	0.950439	15	0.664381	16	0.770574	17	0.964165	18	0.601445	19	0.265862	20	0.601611	21	0.947703	22	-0.0387792	23	0.0279312	24	0.710008	25	-0.100016	26	-0.437647	27	0.645818	28	0.901401	29	0.42333	30	0.876241	31	0.916439	32	0.0271716	33	0.801184	34	0.354658	35	-0.155868	36	0.675698	37	0.49915	38	0.274945	39	0.976164	40	0.133968	41	-0.0997183	42	0.939369	43	-0.0708744	44	-0.269543	45	0.809885	
-0	0.156548	0.807391	0.335277	0.393646	0.865608	0	0.811058	0.347689	0.437137	0.350313	0.0765417	1	0.159785	0.101253	0	0	0.097087	0.722249	0.46284	0	0.353629	0.362227	0.678185	0.13554	0	0.364806	0.571484	0.525436	1	0.226188	2	0.617906	3	0.845525	4	0.421313	5	0.714109	6	0.783863	7	0.821975	8	0.917955	9	0.806536	10	-0.0265401	11	0.648106	12	0.83675	13	-0.193057	14	0.369388	15	0.988163	16	-0.478782	17	-0.0548915	18	0.987119	19	0.695061	20	0.608637	21	0.642556	22	0.631647	23	0.29673	24	0.413962	25	0.385307	26	0.293064	27	0.501809	28	0.0633074	29	0.237922	30	0.86591	31	-0.169765	32	-0.015485	33	0.758052	34	-0.856835	35	-0.120223	36	0.644259	37	0.228731	38	0.178534	39	0.801496	40	0.211384	41	-0.243609	42	0.782411	43	-0.000547489	44	-0.373774	45	0.745821	
-0.102248	0.138429	0	0	0	0	0.262223	0	0	0	0	0	0.671021	0	0	0.503269	0.103594	0	0	0	0.0363728	0	0	0	0.0842038	0.153564	0	0	0	1	0.231303	2	0.600009	3	0.845932	4	0.432115	5	0.682586	6	0.777502	7	0.830107	8	0.920347	9	0.804558	10	-0.00775642	11	0.62989	12	0.830762	13	-0.183511	14	0.390207	15	0.992704	16	-0.46824	17	-0.0406911	18	1	19	0.689215	20	0.564962	21	0.636162	22	0.621799	23	0.282186	24	0.407093	25	0.382888	26	0.280659	27	0.505768	28	0.0647119	29	0.237272	30	0.873441	31	-0.135531	32	-0.00669912	33	0.749211	34	-0.84372	35	-0.116759	36	0.625346	37	0.223434	38	0.173559	39	0.808799	40	0.185968	41	-0.244805	42	0.799345	43	0.0186295	44	-0.386055	45	0.768438	
-0.0516322	0	0	0	0	0.130604	0.107077	0	0	0	0	0.0299628	0.0320079	0	0	0	0	0	0	0	0.0291599	0	0	0	0	0	0	0.108214	0	1	0.422296	2	0.562063	3	0.825075	4	0.576281	5	0.631499	6	0.765633	7	0.814504	8	0.805179	9	0.788376	10	-0.0243389	11	0.577183	12	0.79473	13	-0.242927	14	0.288072	15	0.926548	16	-0.421843	17	-0.118562	18	0.926122	19	1	20	0.521202	21	0.648365	22	1	23	0.371025	24	0.516749	25	0.767386	26	0.365415	27	0.573447	28	0.0493523	29	0.217705	30	0.851631	31	0.930297	32	-0.0969437	33	0.886093	34	0.611539	35	-0.241679	36	0.82548	37	0.548083	38	0.155257	39	0.772044	40	-0.175988	41	-0.0883138	42	0.71675	43	-0.702845	44	-0.173973	45	0.593739	
-0.0675526	0	0	0.00274045	0	0	0	0	0.0063013	-0	0	0.103755	0	0	0.0372135	0	0.0542813	0.0606774	0	0	0	0	0	-0	0	0	0	0	0	1	0.331203	2	0.801487	3	0.827429	4	0.578163	5	0.809712	6	0.822515	7	0.839642	8	0.793447	9	0.825183	10	0.0591301	11	0.668605	12	0.887854	13	-0.145186	14	0.274311	15	0.971639	16	-0.312111	17	-0.176995	18	0.944173	19	0.882313	20	0.781586	21	0.667171	22	0.94895	23	0.368772	24	0.48961	25	0.807888	26	0.374613	27	0.580526	28	-0.0640752	29	0.415107	30	0.823009	31	0.909554	32	0.0311235	33	0.896954	34	0.50917	35	-0.165394	36	0.793553	37	0.395075	38	0.44151	39	0.692264	40	-0.304165	41	0.0233151	42	0.676458	43	-1	44	-0.105906	45	0.572236	
-0	-0	0	0	0	0	0	0	0	0	0	0	0	0	0	0	0.0832687	0	0	0	0	0	0	0	0	0	0	0	0	1	-0.719185	2	0.97268	3	0.766079	4	-0.2576	5	0.986631	6	0.761544	7	0.132653	8	0.957006	9	0.742263	10	0.173285	11	0.923652	12	0.65865	13	0.161556	14	0.439383	15	0.511563	16	0.524382	17	0.303047	18	0.541006	19	-0.945615	20	0.848641	21	0.772701	22	-0.921373	23	0.225331	24	0.668999	25	-0.780923	26	-0.324821	27	0.607047	28	-0.354744	29	0.592758	30	0.658885	31	-0.270873	32	0.100666	33	0.673273	34	-0.470515	35	-0.138962	36	0.661375	37	-0.927291	38	0.520785	39	0.736268	40	1	41	0.452548	42	0.860447	43	0.511389	44	0.101192	45	0.67019	
-0	-0	0	0	0	0	0	0	0	0	0	0	0	0	0.0589139	0	0	0	0	0	0	0	0	0	0	0	0	0	0	1	-0.816681	2	0.986364	3	0.774271	4	-0.323911	5	1	6	0.767644	7	0.0909465	8	0.971777	9	0.745634	10	0.112099	11	0.935804	12	0.658925	13	0.1913	14	0.449723	15	0.51394	16	0.545003	17	0.33235	18	0.543579	19	-0.988456	20	0.862004	21	0.78416	22	-0.944191	23	0.241322	24	0.674481	25	-0.783814	26	-0.308271	27	0.599214	28	-0.449034	29	0.603591	30	0.665377	31	-0.294718	32	0.111652	33	0.668704	34	-0.497863	35	-0.129914	36	0.666214	37	-1	38	0.532105	39	0.74976	40	0.974072	41	0.47038	42	0.861499	43	0.49572	44	0.109203	45	0.666946	
-0	-0	0	0	0	0	0	0	0	0	0	0	0	0.0527584	0	0	0	0.0453473	0	0	0	0	0	0	0	0	0	0	0	1	-0.80736	2	0.955598	3	0.767545	4	-0.329803	5	0.976012	6	0.757976	7	0.0753577	8	0.953495	9	0.734835	10	0.111982	11	0.912699	12	0.650451	13	0.170102	14	0.446074	15	0.511048	16	0.532033	17	0.325233	18	0.535796	19	-1	20	0.839538	21	0.773812	22	-0.914123	23	0.214112	24	0.671443	25	-0.829693	26	-0.338631	27	0.609153	28	-0.427604	29	0.573708	30	0.662577	31	-0.286558	32	0.0908563	33	0.665952	34	-0.495141	35	-0.145594	36	0.661384	37	-0.984571	38	0.502081	39	0.745795	40	0.989904	41	0.461943	42	0.859358	43	0.517389	44	0.105689	45	0.663658	
-0.20194	-0.294977	0.456065	0.571798	0.931895	0.342675	0.2446	0.412433	0.447858	0.343092	0.35993	0.189671	0.272003	0.135035	0.10672	0.265796	0.0918507	0.131835	0.364091	0.288357	0.0531173	0.320317	0.375084	0.39725	0.231679	0.148302	0.420212	0.388337	0.637297	1	-0.39343	2	0.914365	3	0.840528	4	0.00810296	5	0.932417	6	0.832139	7	0.346771	8	0.913877	9	0.802035	10	-0.13219	11	1	12	0.692014	13	0.124863	14	0.516597	15	0.511374	16	0.519909	17	0.333843	18	0.528292	19	0.0271301	20	0.648056	21	0.875899	22	-0.159792	23	0.0462922	24	0.647115	25	-0.259665	26	-0.436438	27	0.580963	28	-0.477873	29	0.613223	30	0.711696	31	-0.0780537	32	0.134007	33	0.70849	34	-0.426735	35	-0.108443	36	0.675753	37	-0.307791	38	0.39593	39	0.833864	40	0.848706	41	0.106364	42	0.903599	43	0.405331	44	-0.100756	45	0.716164	
-0.16792	-0	-0	0	0	0.113404	0.338462	0	0	0.679061	0	0	0	0	0	0.660368	0	0	0.0337321	0.418208	0	0	0	0	0	0	0	1	0	1	0.0275911	2	0.677762	3	0.978156	4	0.116468	5	0.720619	6	0.95182	7	0.170579	8	0.772547	9	0.893685	10	-0.325624	11	0.559643	12	0.984204	13	-0.409821	14	0.207654	15	0.981047	16	-0.236085	17	-0.0378895	18	0.633836	19	0.524018	20	0.725126	21	0.821964	22	0.521258	23	0.110822	24	0.56211	25	0.0676383	26	-0.273328	27	0.358624	28	-0.170973	29	0.274418	30	0.974296	31	-0.457662	32	-0.0351938	33	0.829718	34	-0.358749	35	-0.238531	36	0.768133	37	0.420277	38	0.330083	39	0.874279	40	0.301473	41	-0.0968487	42	0.917387	43	0.56189	44	-0.272637	45	0.941862	
-0	-0.807391	-0	0	0	1	0	0	0	0	0	0	1	0	0	0	0	0	0	0	0	0	0	0.684908	0	0	0	0.740529	0	1	0.0330703	2	0.692065	3	0.989236	4	0.138119	5	0.735034	6	0.963462	7	0.201291	8	0.794596	9	0.905572	10	-0.333691	11	0.590645	12	0.980462	13	-0.422542	14	0.172887	15	0.980532	16	-0.254998	17	-0.0580273	18	0.632171	19	0.578807	20	0.718676	21	0.847957	22	0.50169	23	0.101483	24	0.571511	25	0.0607942	26	-0.270486	27	0.361731	28	-0.197969	29	0.295283	30	0.974661	31	-0.463704	32	-0.0275909	33	0.835835	34	-0.371211	35	-0.233569	36	0.777055	37	0.426545	38	0.330848	39	0.893827	40	0.28537	41	-0.095517	42	0.925268	43	0.549275	44	-0.271884	45	0.948261	
-0	-0	-0	0	0	0	0	1	0	0	0	0	0.107178	0	0	0	0	0	0.377047	0	0	0	0	0	0.233614	0	0	0	0	1	0.0143857	2	0.691157	3	0.994876	4	0.115011	5	0.733103	6	0.969379	7	0.175858	8	0.782093	9	0.911623	10	-0.345803	11	0.582831	12	0.989031	13	-0.413161	14	0.225966	15	1	16	-0.284863	17	-0.0559914	18	0.650485	19	0.550483	20	0.723803	21	0.851008	22	0.496507	23	0.110592	24	0.578446	25	0.061206	26	-0.272683	27	0.371768	28	-0.202655	29	0.292015	30	0.981582	31	-0.470408	32	-0.0313422	33	0.844815	34	-0.370699	35	-0.235474	36	0.781378	37	0.416886	38	0.334667	39	0.897164	40	0.272159	41	-0.0923372	42	0.922877	43	0.543157	44	-0.267247	45	0.951077	
-0	-0	-0	0.7123	0.682061	0	0	0.114921	0.779001	0	0.25431	0	0	0	0	0	0	0	1	0	0	0.889683	0.0788012	0	0	0	0	0	0.297943	1	0.0115709	2	0.689199	3	0.998027	4	0.109744	5	0.732583	6	0.970763	7	0.175682	8	0.782148	9	0.911301	10	-0.339587	11	0.577455	12	0.997307	13	-0.424163	14	0.186061	15	0.967939	16	-0.242278	17	-0.0660945	18	0.625376	19	0.530966	20	0.729001	21	0.845634	22	0.486745	23	0.113057	24	0.58533	25	0.0670985	26	-0.270179	27	0.373783	28	-0.195122	29	0.286638	30	0.9909	31	-0.469035	32	-0.0275729	33	0.845844	34	-0.378125	35	-0.231591	36	0.775525	37	0.410017	38	0.334751	39	0.89764	40	0.268093	41	-0.0920083	42	0.921179	43	0.548002	44	-0.263994	45	0.955461	
-0	-0	-0.456065	0	0.173924	0	0	0	0	0	0.502001	0.246098	0	0.266767	0.164041	0	0.148948	0.205873	0.574209	0	0.0721184	0	1	0	0.0444843	0.16639	0.698291	0	1	1	0.00978	2	0.672237	3	0.996153	4	0.098699	5	0.719765	6	0.964098	7	0.159205	8	0.777243	9	0.899719	10	-0.332809	11	0.560904	12	1	13	-0.42261	14	0.173308	15	0.984764	16	-0.216628	17	-0.0352307	18	0.639715	19	0.499141	20	0.721892	21	0.830205	22	0.482208	23	0.106192	24	0.579246	25	0.0480117	26	-0.268117	27	0.369789	28	-0.177526	29	0.267569	30	1	31	-0.466794	32	-0.0349512	33	0.850283	34	-0.372936	35	-0.237825	36	0.783811	37	0.405809	38	0.320293	39	0.894993	40	0.271821	41	-0.102377	42	0.926163	43	0.54598	44	-0.273867	45	0.955978	
-0.125136	-0.102103	-0	-0.141527	0	0.380838	0.302268	0	0	0.362914	0	0	0	0	0	0.341749	0	0	0	0.346495	0	0	0	0.34544	0.00357476	0	0	0.200388	0.64055	1	-0.493437	2	0.869021	3	0.833974	4	-0.281246	5	0.918152	6	0.80345	7	-0.0986059	8	0.976222	9	0.749484	10	-0.609433	11	0.839102	12	0.727056	13	-0.603377	14	0.506465	15	0.483511	16	-0.176402	17	0.271654	18	0.262429	19	0.146095	20	0.806174	21	0.786751	22	0.201873	23	0.0824171	24	0.541195	25	0.0882639	26	-0.217994	27	0.289402	28	-0.583034	29	0.472384	30	0.76893	31	-0.588188	32	0.0227839	33	0.758423	34	-0.372239	35	-0.195048	36	0.77041	37	0.0122222	38	0.419413	39	0.810728	40	-0.00269602	41	0.109437	42	0.620303	43	0.159192	44	-0.0679286	45	0.372514	
-0	-0	-0.571798	-0	0	0	0	0.0528163	1	0	0	0	0	0	0	0	0	0	0	0	0	0	0	0.0194039	0.247769	0	0	0	0	1	-0.502043	2	0.881231	3	0.833992	4	-0.280217	5	0.931657	6	0.801849	7	-0.0936514	8	0.989337	9	0.745239	10	-0.60678	11	0.85412	12	0.724285	13	-0.589735	14	0.485109	15	0.482687	16	-0.172021	17	0.261816	18	0.258303	19	0.144281	20	0.816479	21	0.786366	22	0.202767	23	0.0894962	24	0.537466	25	0.0888118	26	-0.242067	27	0.293093	28	-0.594639	29	0.482321	30	0.769888	31	-0.614017	32	0.0288922	33	0.761898	34	-0.374377	35	-0.189579	36	0.771599	37	-0.00279348	38	0.426478	39	0.813159	40	-0.01046	41	0.109095	42	0.626717	43	0.147177	44	-0.0697323	45	0.380294	
-0	-0.235915	-0	-0.570773	0.26826	0.0683565	0	1	1	0	0.82686	0	0.11006	0	0	0	0	0.108101	0.264689	0	0	0.279675	0.185402	0	0	0	0.25099	0.308164	0	1	-0.530659	2	0.893386	3	0.837269	4	-0.284223	5	0.942664	6	0.80714	7	-0.0796815	8	1	9	0.752212	10	-0.621554	11	0.868258	12	0.738473	13	-0.672321	14	0.389607	15	0.577821	16	-0.33877	17	-0.058166	18	0.315245	19	0.15781	20	0.822666	21	0.782739	22	0.193742	23	0.0833421	24	0.541018	25	0.0856621	26	-0.248454	27	0.299672	28	-0.640733	29	0.494911	30	0.776662	31	-0.598562	32	0.0400517	33	0.762519	34	-0.368605	35	-0.181469	36	0.771958	37	-0.0320194	38	0.434831	39	0.808593	40	0.00152197	41	0.111009	42	0.626514	43	0.159031	44	-0.0682623	45	0.380106	
-0	-0	-0	-0	1	0	0	0	1	0.083079	1	0.390816	0.276934	0.566373	0.32244	0	0.155445	0.314711	0.505496	0	0.0563414	0.893191	1	0	0.227656	0.159643	1	0	0.125959	1	-0.577335	2	0.803674	3	0.844267	4	-0.320831	5	0.86618	6	0.796541	7	-0.0979873	8	0.940534	9	0.716692	10	-0.653326	11	0.785086	12	0.733594	13	-0.637408	14	0.359915	15	0.574817	16	-0.284598	17	0.164697	18	0.303591	19	0.131238	20	0.762116	21	0.767126	22	0.166676	23	0.151934	24	0.553458	25	0.0767576	26	-0.207502	27	0.323763	28	-0.681034	29	0.407466	30	0.805412	31	-0.625334	32	-0.00744488	33	0.75353	34	-0.374754	35	-0.215867	36	0.773921	37	-0.0633644	38	0.358985	39	0.829863	40	-0.0144644	41	0.103712	42	0.620044	43	0.151237	44	-0.0769998	45	0.378253	
-0	-0.208674	-0	-0.105178	-0.163499	0	0	0.41857	0.329625	0	0.893121	0.108066	0.219071	0	0	0	0.0996008	0.154718	0.340291	0	0.00855584	0.267125	0.494593	0	0	0.165785	0.5715	0	0	1	-0.62396	2	0.660502	3	0.894889	4	-0.162685	5	0.719412	6	0.834445	7	0.225763	8	0.781393	9	0.740754	10	-0.518075	11	0.738361	12	0.758742	13	-0.358414	14	0.265851	15	0.754734	16	-0.312868	17	-0.283725	18	0.628466	19	0.24893	20	0.514382	21	0.815511	22	0.0226357	23	0.133752	24	0.79982	25	-0.125176	26	-0.339253	27	0.616888	28	-0.862308	29	0.347318	30	0.859564	31	-0.540007	32	0.0243997	33	0.720361	34	-0.548151	35	-0.197924	36	0.739589	37	-0.288176	38	0.195252	39	0.899111	40	0.713128	41	-0.108261	42	0.897361	43	0.160178	44	-0.255753	45	0.73191	
-0	-0	-0	-0	-0	0	0	0	0	0	0	0	0	0.114193	0.0149267	0	0	0.0324828	0	0	0	0	0	0	0	0	0	0	0	1	-0.718783	2	0.684175	3	0.909464	4	-0.202998	5	0.736403	6	0.848803	7	0.226248	8	0.78674	9	0.750836	10	-0.550734	11	0.771639	12	0.780586	13	-0.378357	14	0.290079	15	0.776528	16	-0.330794	17	-0.265785	18	0.648692	19	0.216289	20	0.510587	21	0.821872	22	0.0128948	23	0.11662	24	0.793509	25	-0.117304	26	-0.372602	27	0.629024	28	-0.964349	29	0.380392	30	0.878994	31	-0.492993	32	0.0683786	33	0.740667	34	-0.521194	35	-0.16439	36	0.761939	37	-0.390347	38	0.210022	39	0.908145	40	0.747719	41	-0.0852301	42	0.919371	43	0.217051	44	-0.243879	45	0.75761	
-0.131349	-0.184972	-0.735783	-0.678885	-0.369072	0.446508	0.276802	0	0.701023	0.112881	0	0.153928	0.22795	0.217185	0.201979	0	0.0573546	0.0644159	0	0.325657	0	0	0.584375	0	0	0	0.492957	0.509988	0.603074	1	-0.5072	2	0.716484	3	0.953741	4	-0.147287	5	0.782045	6	0.893929	7	0.160227	8	0.852152	9	0.802217	10	-0.389708	11	0.762247	12	0.767036	13	-0.633921	14	0.448604	15	0.637668	16	-0.252521	17	0.0365755	18	0.424668	19	0.0927958	20	0.615505	21	0.921726	22	0.048478	23	0.110855	24	0.782046	25	-0.123647	26	-0.338877	27	0.624129	28	-0.620363	29	0.366941	30	0.883836	31	-0.487516	32	0.0140983	33	0.748868	34	-0.516486	35	-0.205862	36	0.767433	37	-0.223043	38	0.254359	39	0.985835	40	0.790749	41	-0.0988935	42	0.906663	43	0.203668	44	-0.252594	45	0.761442	
-0	-0	-0	-0.0531145	-0.735689	0	0	0.582912	0	0	0.352754	0	0	0	0	0.320726	0	0	0.617577	0	0	0.640773	0.00693711	0.0201894	0.385237	0	0.0328749	0	0	1	-0.509939	2	0.724546	3	0.947513	4	-0.145671	5	0.788522	6	0.89117	7	0.161226	8	0.859716	9	0.803865	10	-0.411973	11	0.774984	12	0.77114	13	-0.632613	14	0.453139	15	0.641273	16	-0.259606	17	0.0369351	18	0.423282	19	0.128403	20	0.613996	21	0.912449	22	0.0634245	23	0.0910831	24	0.793876	25	-0.0821499	26	-0.425297	27	0.672507	28	-0.642871	29	0.378191	30	0.878548	31	-0.508591	32	0.0163596	33	0.751176	34	-0.536415	35	-0.204003	36	0.76899	37	-0.210594	38	0.258206	39	0.972046	40	0.777427	41	-0.0962049	42	0.906488	43	0.19411	44	-0.251134	45	0.762048	
-0	-0	-0.196112	-0.0188076	-0	0	0	0	0	0.346074	0	0	0	0	0	0.0849487	0	0	0	0	0.0557606	0	0	0.449242	0	0.0514359	0.248768	0	0.396926	1	-0.586449	2	0.640454	3	0.938614	4	-0.137005	5	0.702059	6	0.871757	7	0.244849	8	0.772747	9	0.772961	10	-0.514618	11	0.716891	12	0.804753	13	-0.504879	14	0.273131	15	0.623264	16	-0.0821114	17	-0.0982619	18	0.531351	19	0.294966	20	0.503673	21	0.842491	22	0.028562	23	0.145226	24	0.793869	25	-0.0327602	26	-0.384209	27	0.722091	28	-0.839041	29	0.326187	30	0.914628	31	-0.480529	32	0.0434705	33	0.743512	34	-0.52884	35	-0.183213	36	0.762354	37	-0.247026	38	0.180468	39	0.941338	40	0.785399	41	-0.0899414	42	0.907189	43	0.214139	44	-0.246835	45	0.758154	
-0.187531	-0	-0	-0	-0.410709	-0	0	0	0	0.514914	0	0	0	0	0	0	0	0	0	0	0	0	0	0.51209	0	0.119812	0	0	0.644439	1	0.200973	2	0.786761	3	0.939836	4	0.31457	5	0.852686	6	0.877404	7	0.404696	8	0.932281	9	0.783133	10	-0.228546	11	0.753622	12	0.824404	13	-0.450535	14	0.333327	15	0.69245	16	-0.123365	17	-0.0179193	18	0.432897	19	0.776696	20	0.770992	21	0.834242	22	0.635628	23	0.673161	24	0.472504	25	0.143531	26	0.62547	27	0.25807	28	-0.120561	29	0.381131	30	0.920126	31	-0.189409	32	0.0542676	33	0.745819	34	-0.276331	35	-0.166571	36	0.657614	37	0.531179	38	0.353702	39	0.929101	40	0.354447	41	-0.0664477	42	0.902243	43	0.392221	44	-0.273221	45	0.875071	
-0	-0	-0.342675	-1	-0.0384856	-0.446508	0.210012	0	0.455613	0	0.351093	0.207566	0.258506	0.182452	0.145676	0	0.13912	0.167426	0.737038	0	0.0592614	0.399938	0.432156	0	0.194723	0	0.359159	0	0	1	0.190272	2	0.787708	3	0.939112	4	0.30981	5	0.852617	6	0.881224	7	0.400918	8	0.928035	9	0.791888	10	-0.234844	11	0.75668	12	0.831966	13	-0.449379	14	0.34714	15	0.707446	16	-0.139953	17	-0.0200099	18	0.445237	19	0.776393	20	0.767286	21	0.834242	22	0.6395	23	0.669547	24	0.4689	25	0.141325	26	0.62655	27	0.254534	28	-0.133986	29	0.38438	30	0.917071	31	-0.169266	32	0.0492898	33	0.749091	34	-0.266722	35	-0.170194	36	0.660075	37	0.521992	38	0.353516	39	0.921359	40	0.367617	41	-0.0719256	42	0.909496	43	0.403435	44	-0.27735	45	0.881594	
-0	-0.996212	-0	-0.113404	-0	-0	0.274264	0	0	0	0	0	1	0	0	0.476545	0	0	0	0	0	0	0	0	0	0	0	0.860578	0	1	0.202511	2	0.797719	3	0.938922	4	0.319168	5	0.860972	6	0.884835	7	0.411655	8	0.934162	9	0.800098	10	-0.230615	11	0.764037	12	0.838952	13	-0.457202	14	0.371059	15	0.725017	16	-0.180026	17	-0.0183572	18	0.451442	19	0.788852	20	0.775918	21	0.834392	22	0.650191	23	0.662844	24	0.472768	25	0.14768	26	0.626408	27	0.259359	28	-0.126118	29	0.393314	30	0.915074	31	-0.16641	32	0.0512022	33	0.751528	34	-0.26351	35	-0.1675	36	0.65825	37	0.533428	38	0.363181	39	0.915115	40	0.370632	41	-0.0681335	42	0.912468	43	0.408616	44	-0.275654	45	0.875303	
-0	-0	-0	-0	-0	-0	0	0.67729	0	0	0	0	0	0	0	0	0	0	0	0.795913	0	0	0	0	0	0	0	0	0	1	0.190395	2	0.809033	3	0.940633	4	0.323501	5	0.872643	6	0.886115	7	0.426209	8	0.943625	9	0.800585	10	-0.229366	11	0.78019	12	0.842858	13	-0.448505	14	0.373563	15	0.724227	16	-0.175349	17	-0.0209045	18	0.45063	19	0.795649	20	0.781125	21	0.833055	22	0.648836	23	0.668138	24	0.467998	25	0.143495	26	0.622156	27	0.253787	28	-0.148216	29	0.404834	30	0.918877	31	-0.165732	32	0.0632511	33	0.750323	34	-0.268608	35	-0.159712	36	0.661596	37	0.513211	38	0.368694	39	0.915537	40	0.366692	41	-0.0631042	42	0.907051	43	0.407261	44	-0.270719	45	0.879153	
-0	-0	-0	-0	-0	-0	-0	0	0	0.0607696	0	0	0	0	0	0	0	0	0	0	0	0	0	0	0	0	0	0	0	1	0.124213	2	0.438559	3	0.834843	4	0.173364	5	0.489527	6	0.810081	7	0.214961	8	0.535315	9	0.7602	10	-0.191872	11	0.331429	12	0.882288	13	-0.456446	14	0.982418	15	0.903767	16	-0.421133	17	0.994468	18	0.676638	19	0.442567	20	0.515264	21	0.648675	22	-0.0249814	23	0.822313	24	0.403644	25	-0.38544	26	0.925933	27	0.294861	28	-0.0117049	29	0.0727722	30	0.85847	31	0.227632	32	-0.244016	33	0.857845	34	0.251205	35	-0.357859	36	0.722233	37	0.439588	38	0.141072	39	0.712387	40	0.293215	41	-0.13348	42	0.569629	43	0.231332	44	-0.24439	45	0.313191	
-0.217591	-0.3693	-0.2446	-0.338462	-0.302268	-0.276802	-0.484276	0.259017	0.288417	0.190961	0.232786	0.244078	0.39399	0.175198	0.214998	0.278146	0	0.188785	0.270102	0.815582	0	0.233332	0.245035	0.20198	0.186066	0	0.259343	0.466893	0.319535	1	0.0800323	2	0.536597	3	0.852831	4	0.177162	5	0.578923	6	0.836951	7	0.254339	8	0.615088	9	0.795053	10	-0.169417	11	0.404816	12	0.913733	13	-0.458452	14	0.990539	15	0.909183	16	-0.409947	17	0.994135	18	0.676152	19	0.417449	20	0.613801	21	0.669754	22	-0.0268423	23	0.83383	24	0.399666	25	-0.380879	26	0.935352	27	0.300546	28	-0.0627766	29	0.15123	30	0.869676	31	0.172245	32	-0.189652	33	0.859699	34	0.220705	35	-0.325167	36	0.747027	37	0.356267	38	0.232301	39	0.717285	40	0.260934	41	-0.0841502	42	0.585881	43	0.20282	44	-0.209141	45	0.330827	
-0	-0	-0	-0	-0	-0	-0	0	0	0	0	0	0	0	0	0	0.235154	0	0	0	0	0	0	0	0	0	0	0	0	1	0.114351	2	0.343378	3	0.841062	4	0.183538	5	0.396072	6	0.81913	7	0.238913	8	0.444888	9	0.771873	10	-0.157298	11	0.246992	12	0.898746	13	-0.441382	14	0.971091	15	0.904951	16	-0.408069	17	0.98882	18	0.665501	19	0.412498	20	0.421241	21	0.650079	22	-0.00654909	23	0.81709	24	0.39861	25	-0.372679	26	0.939243	27	0.29813	28	-0.0137855	29	-0.0020336	30	0.866302	31	0.259908	32	-0.292294	33	0.861673	34	0.276815	35	-0.380992	36	0.701394	37	0.395082	38	0.0626192	39	0.710664	40	0.271528	41	-0.17955	42	0.5628	43	0.187418	44	-0.266239	45	0.293515	
-0	-0	-0	-0	-0	-0	-0	0	0	0	0	0	0	0	0	0	0	0	0	0	0.0694279	0	0	0	0	0.105786	0	0	0	1	0.10548	2	0.320583	3	0.838908	4	0.177703	5	0.376093	6	0.814858	7	0.237616	8	0.428157	9	0.765674	10	-0.170613	11	0.234469	12	0.892793	13	-0.440765	14	0.972149	15	0.900848	16	-0.405868	17	0.983983	18	0.65454	19	0.420264	20	0.394703	21	0.647655	22	0.0012213	23	0.815456	24	0.395432	25	-0.372199	26	0.935056	27	0.293509	28	-0.0283423	29	-0.0188248	30	0.865345	31	0.275829	32	-0.301004	33	0.85348	34	0.297966	35	-0.390445	36	0.70121	37	0.394309	38	0.0384406	39	0.711893	40	0.289168	41	-0.194421	42	0.563446	43	0.176837	44	-0.264876	45	0.282767	
-0.134985	-0	-0.412433	-0.114921	-0.936939	-0.00148221	-0.67729	-0	0.589896	0	0	0	0	0	0	0	0	0	0	0.345329	0	0	0	0	0	0	0	0	0	1	-0.256436	2	0.811398	3	0.91514	4	0.122122	5	0.865184	6	0.866145	7	0.417345	8	0.922066	9	0.79005	10	-0.270854	11	0.871335	12	0.763474	13	-0.567582	14	0.471833	15	0.746322	16	-0.502284	17	-0.0632808	18	0.452884	19	0.455585	20	0.659564	21	0.87182	22	0.52899	23	0.0987852	24	0.636694	25	0.46123	26	-0.176898	27	0.389202	28	-0.540376	29	0.468159	30	0.850437	31	-0.615361	32	0.0951961	33	0.691576	34	-0.724248	35	-0.115801	36	0.562515	37	-0.0401452	38	0.321354	39	0.923001	40	-0.095314	41	-0.0999371	42	0.95119	43	-0.0283969	44	-0.300731	45	0.901797	
-0	-0.755696	-0	-0	-0	-0	-0	-0	0	0	0	0	0	0	0	0	0	0	0	0	0	0	0	0.303359	0	0	0	0.373637	0	1	-0.25949	2	0.761599	3	0.910777	4	0.115929	5	0.820997	6	0.851987	7	0.409485	8	0.881107	9	0.763374	10	-0.287233	11	0.817484	12	0.752685	13	-0.557521	14	0.475391	15	0.752665	16	-0.514258	17	-0.0586928	18	0.459345	19	0.467096	20	0.631338	21	0.855104	22	0.539817	23	0.0868646	24	0.634302	25	0.469519	26	-0.173716	27	0.385349	28	-0.548463	29	0.417636	30	0.858533	31	-0.620114	32	0.0760189	33	0.684552	34	-0.72952	35	-0.130275	36	0.555806	37	-0.0299322	38	0.2844	39	0.92693	40	-0.0912356	41	-0.123897	42	0.953101	43	-0.0332141	44	-0.319216	45	0.894133	
-0	-0.0553614	-0	-1	-0	-0	-0	-0.259017	0	0.486034	0.103352	0	0.909639	0	0	0.554306	0	0	1	0	0	0	0	0.37068	0	0	0.0652577	0.130556	0.857681	1	-0.267706	2	0.709533	3	0.908106	4	0.0986246	5	0.773701	6	0.836612	7	0.393331	8	0.840585	9	0.73059	10	-0.326155	11	0.757575	12	0.748556	13	-0.586942	14	0.460663	15	0.747618	16	-0.497067	17	-0.0645613	18	0.454693	19	0.489313	20	0.603768	21	0.829569	22	0.537829	23	0.0902614	24	0.636929	25	0.469311	26	-0.164341	27	0.387582	28	-0.565608	29	0.364254	30	0.876323	31	-0.643117	32	0.0602127	33	0.683931	34	-0.735544	35	-0.142165	36	0.553667	37	-0.00611307	38	0.248272	39	0.930546	40	-0.0914019	41	-0.147594	42	0.954411	43	-0.0326927	44	-0.33699	45	0.895576	
-0	-0	-0	-0	-0.115878	-1	-0	-0	0.499694	0	1	0.244789	0	0.294502	0.203821	0	0.138006	0.236763	0.448207	0	0.0594086	0.795815	0.814978	0	0.534597	0.204836	1	0	0	1	-0.308289	2	0.694567	3	0.903643	4	0.0755331	5	0.758012	6	0.830146	7	0.388388	8	0.822149	9	0.721695	10	-0.358497	11	0.748444	12	0.752539	13	-0.599321	14	0.452054	15	0.74288	16	-0.496069	17	-0.0659938	18	0.452486	19	0.490449	20	0.582107	21	0.813279	22	0.527271	23	0.0928619	24	0.637743	25	0.45694	26	-0.171142	27	0.391964	28	-0.615954	29	0.356052	30	0.880718	31	-0.643515	32	0.0646259	33	0.680492	34	-0.740076	35	-0.139138	36	0.551732	37	-0.032755	38	0.233823	39	0.921862	40	-0.103433	41	-0.157498	42	0.952215	43	-0.0355314	44	-0.344013	45	0.898526	
-0	-0	-0	-0	-1	-0	-0	-0	-0.0895896	0	0	0	0	0	0	0	0	0	0	0	0	0	0	0	0	0	0	0	0	1	-0.503121	2	0.854566	3	0.914679	4	-0.264721	5	0.887322	6	0.899498	7	-0.069879	8	0.92803	9	0.856804	10	-0.631912	11	0.764744	12	0.894668	13	-0.584736	14	0.322909	15	0.68384	16	-0.287369	17	0.0212512	18	0.391816	19	0.211656	20	0.829345	21	0.808432	22	0.140538	23	0.164015	24	0.394052	25	-0.119001	26	-0.170259	27	0.152606	28	-0.635702	29	0.448741	30	0.877152	31	-0.7811	32	0.0224979	33	0.811637	34	-0.340454	35	-0.179609	36	0.760013	37	0.00952971	38	0.449665	39	0.826113	40	-0.160386	41	0.0257833	42	0.737892	43	-0.127888	44	-0.186391	45	0.571995	
-0.116557	-0.353991	-0	-0.779001	-1	-0.030648	-0.455613	-0.288417	-1	0.38267	0.522515	0.422242	0.409667	0.214114	0	0.29606	0.167923	0	0.77672	0.30537	0.0557234	0.930057	1	0.335752	0	0	0.128653	0.507389	0.862193	1	-0.506071	2	0.85085	3	0.913764	4	-0.261331	5	0.883483	6	0.898975	7	-0.0632079	8	0.921347	9	0.856944	10	-0.629831	11	0.764064	12	0.894298	13	-0.58095	14	0.321453	15	0.684561	16	-0.293767	17	0.0186465	18	0.388653	19	0.21537	20	0.822233	21	0.807797	22	0.140424	23	0.164358	24	0.398632	25	-0.119725	26	-0.167969	27	0.156481	28	-0.642909	29	0.447504	30	0.875949	31	-0.754987	32	0.0198173	33	0.815113	34	-0.33724	35	-0.182087	36	0.756925	37	0.00242675	38	0.445124	39	0.824741	40	-0.156775	41	0.0227437	42	0.736554	43	-0.119701	44	-0.187279	45	0.567433	
-0	-0	-0.447858	-0	-1	-1	-0	-0	-0	0	1	0	0	0.287569	0.37578	0	0	0.522316	0	0	0	0	0.063463	0	0.522723	0.159617	1	0	0	1	-0.530538	2	0.850816	3	0.91428	4	-0.269862	5	0.884846	6	0.898532	7	-0.0618033	8	0.924785	9	0.85504	10	-0.63557	11	0.770349	12	0.895227	13	-0.577791	14	0.321252	15	0.684467	16	-0.27066	17	0.0163674	18	0.380233	19	0.206759	20	0.817714	21	0.806041	22	0.13516	23	0.153096	24	0.399094	25	-0.124902	26	-0.185297	27	0.161228	28	-0.670318	29	0.44914	30	0.878329	31	-0.762357	32	0.0210183	33	0.817448	34	-0.342192	35	-0.180859	36	0.756971	37	-0.0260793	38	0.440876	39	0.825378	40	-0.16182	41	0.0213632	42	0.735142	43	-0.116048	44	-0.189193	45	0.568208	
-0	-0	-0	-0	-0	-0	-0	-0	-0	-0	0	0	0	0	0	0.318055	0	0	0	0	0	0	0	0	0	0	0	0	0	1	0.0371982	2	0.488022	3	0.679635	4	0.281821	5	0.522733	6	0.590368	7	0.499484	8	0.736763	9	0.464486	10	-0.255712	11	0.51378	12	0.587878	13	-0.347087	14	0.214368	15	0.474395	16	0.0175263	17	-0.0311093	18	0.202859	19	0.7511	20	0.371145	21	0.512621	22	0.534088	23	0.0151282	24	0.240063	25	0.0743347	26	-0.147542	27	0.0126691	28	-0.308954	29	0.206315	30	0.726267	31	-0.955088	32	-0.0946869	33	0.656295	34	-0.64815	35	-0.240466	36	0.726233	37	0.302994	38	0.106447	39	0.680252	40	0.683042	41	-0.0730432	42	0.53721	43	0.99689	44	-0.221876	45	0.467982	
-0	-0.437137	-0.216193	-0.498084	-0.445993	-0.458955	-0.299712	-0	-0.262061	-0.38267	0.498281	0	0.605307	0.192575	0.118146	0	0.0905441	0.137493	0.383636	0.13696	0	0.43341	0.559417	0.455728	0.138976	0.0622431	0.482552	0	0.477254	1	0.0294778	2	0.483258	3	0.675009	4	0.262608	5	0.522165	6	0.58593	7	0.493828	8	0.765716	9	0.474732	10	-0.276134	11	0.507758	12	0.585572	13	-0.343594	14	0.204627	15	0.471519	16	0.00856296	17	-0.0427725	18	0.197593	19	0.742612	20	0.376994	21	0.506319	22	0.537838	23	0.0155967	24	0.238947	25	0.0608976	26	-0.168223	27	0.00572365	28	-0.31044	29	0.196539	30	0.722912	31	-0.859271	32	-0.170973	33	0.672615	34	-0.610477	35	-0.314532	36	0.759801	37	0.315389	38	0.10188	39	0.674376	40	0.6884	41	-0.0698462	42	0.528729	43	0.89137	44	-0.175113	45	0.429413	
-0	-0	-0	-0	-0	-0	-0	-0	-0.223973	-0	0	0	0	0	0	0	0	0	0.301472	0	0	0	0	0.289076	0.0336357	0.14003	0	0	0.108564	1	0.0288407	2	0.48872	3	0.668292	4	0.269362	5	0.525752	6	0.580048	7	0.4919	8	0.77105	9	0.47568	10	-0.268756	11	0.51469	12	0.580255	13	-0.321847	14	0.193207	15	0.466146	16	0.0227619	17	-0.0415027	18	0.20387	19	0.745308	20	0.376304	21	0.500201	22	0.532993	23	0.00953169	24	0.239057	25	0.0931476	26	-0.14905	27	0.00535736	28	-0.325214	29	0.204691	30	0.716192	31	-0.956781	32	-0.107835	33	0.678778	34	-0.709693	35	-0.17299	36	0.661946	37	0.317037	38	0.105306	39	0.66649	40	0.702784	41	-0.0696667	42	0.532143	43	0.920067	44	-0.195311	45	0.457965	
-0	-0	-0	-0	-0	-0	-0	-0	-0	-0	0	0	0	0	0	0	0	0	0	0	0	0	0	0	0	0	0	0	0.0311584	1	0.0321499	2	0.476331	3	0.67213	4	0.260506	5	0.52327	6	0.579317	7	0.49079	8	0.77209	9	0.47676	10	-0.280228	11	0.505313	12	0.574818	13	-0.32777	14	0.189916	15	0.458703	16	0.0226076	17	-0.0418392	18	0.197234	19	0.744385	20	0.382121	21	0.504062	22	0.530367	23	0.0105206	24	0.242888	25	0.0676399	26	-0.160647	27	0.0100346	28	-0.318119	29	0.183488	30	0.721808	31	-0.946112	32	-0.128757	33	0.68659	34	-0.70008	35	-0.179501	36	0.671615	37	0.334836	38	0.0906306	39	0.677722	40	0.694845	41	-0.0590587	42	0.522868	43	0.951283	44	-0.16053	45	0.503413	
-0.129243	-0	-0.126899	-0.180977	-0	-0	-0.215202	-0.251731	-0	-0	0	0.157192	0	0	0	0.150971	0.024434	0	0	0.180836	0.0756646	0	0	0	0	0	0	0.590523	0	1	0.02802	2	0.481303	3	0.667776	4	0.273302	5	0.520952	6	0.580474	7	0.494724	8	0.768054	9	0.473883	10	-0.266064	11	0.511664	12	0.57887	13	-0.336532	14	0.193063	15	0.464909	16	0.0320615	17	-0.0381131	18	0.199091	19	0.749225	20	0.369945	21	0.502357	22	0.534594	23	0.00791755	24	0.240378	25	0.0801977	26	-0.158327	27	0.00746354	28	-0.328692	29	0.197537	30	0.713566	31	-0.82097	32	-0.182778	33	0.673959	34	-0.474127	35	-0.333189	36	0.83383	37	0.31136	38	0.0963083	39	0.666176	40	0.705246	41	-0.0726056	42	0.529448	43	0.981171	44	-0.199084	45	0.487016	
-0	-0	-0	-0	-1	-0	-0	-0	-0	-0.522515	-0	0	0	0.71592	0	0	0	0	0	0.262369	0	1	1	0	0	0	0	0.00895018	0	1	-0.598747	2	0.610895	3	0.799773	4	-0.326136	5	0.634871	6	0.769436	7	-0.10816	8	0.978752	9	0.748091	10	-0.662288	11	0.55208	12	0.772542	13	-0.595181	14	0.141293	15	0.739472	16	-0.670643	17	-0.0319738	18	0.400403	19	0.13373	20	0.557392	21	0.677218	22	0.0949486	23	0.0367424	24	0.501756	25	0.251276	26	-0.354848	27	0.339394	28	-0.703709	29	0.276517	30	0.785762	31	-0.864135	32	-0.111771	33	0.74822	34	-0.622305	35	-0.312842	36	0.863591	37	-0.0934355	38	0.250953	39	0.728723	40	0.0573049	41	-0.105346	42	0.744675	43	0.428619	44	-0.266211	45	0.633546	
-0	-0	-0.35993	-0	-0.421489	-0	-0	-0	-0	-0	-0	0	0	0	0	0	0	0	0	0	0	0.423585	0	0	0	0	0	0	0	1	-0.608462	2	0.596922	3	0.798515	4	-0.340525	5	0.607349	6	0.76512	7	-0.105051	8	0.97433	9	0.749162	10	-0.675558	11	0.526451	12	0.766081	13	-0.566161	14	0.16728	15	0.739635	16	-0.672099	17	-0.0188789	18	0.395934	19	0.124424	20	0.53059	21	0.675203	22	0.103166	23	0.00268645	24	0.49951	25	0.249834	26	-0.390279	27	0.343191	28	-0.704463	29	0.276269	30	0.786255	31	-0.865978	32	-0.110865	33	0.750184	34	-0.62177	35	-0.282794	36	0.886532	37	-0.096061	38	0.251855	39	0.732168	40	0.0620316	41	-0.106508	42	0.74163	43	0.405641	44	-0.217635	45	0.640907	
-0	-0	-0	-0.175877	-0	-0	-0	-0	-0	-0	-0.279399	0	0	0	0	0.390888	0	0	1	0	0	1	1	0	0	0	0.108506	0	0.227595	1	-0.593374	2	0.592124	3	0.800633	4	-0.308553	5	0.621975	6	0.765868	7	-0.0906775	8	0.961183	9	0.761964	10	-0.643019	11	0.547053	12	0.772835	13	-0.578019	14	0.148846	15	0.745403	16	-0.683976	17	-0.0340637	18	0.402506	19	0.140658	20	0.536696	21	0.67008	22	0.11435	23	0.0142444	24	0.499576	25	0.251809	26	-0.371116	27	0.352179	28	-0.717038	29	0.260514	30	0.794242	31	-0.884594	32	-0.147434	33	0.757867	34	-0.623401	35	-0.309788	36	0.826973	37	-0.0945404	38	0.227211	39	0.731163	40	0.0567962	41	-0.111241	42	0.745183	43	0.476261	44	-0.319292	45	0.706441	
-0.0989205	-0	-0	-0	-0.405371	-0	-0	-0	-0.103352	-1	-0	0.319172	0	0	0.252258	0	0.144305	0.341115	0	0	0	0	0	0	0.454352	0	1	0	0	1	-0.585385	2	0.580786	3	0.80143	4	-0.297386	5	0.606403	6	0.766356	7	-0.0928165	8	0.957166	9	0.764223	10	-0.644459	11	0.53544	12	0.773325	13	-0.585975	14	0.127622	15	0.747094	16	-0.686966	17	-0.0437021	18	0.398587	19	0.164958	20	0.518171	21	0.670531	22	0.114234	23	0.0208018	24	0.504728	25	0.248835	26	-0.360882	27	0.355046	28	-0.718961	29	0.25659	30	0.795181	31	-0.881592	32	-0.130057	33	0.753938	34	-0.549089	35	-0.343294	36	0.911095	37	-0.0885906	38	0.220205	39	0.732383	40	0.0509259	41	-0.115179	42	0.747056	43	0.238756	44	-0.230139	45	0.691212	
-0	-0.350313	-0	-0.287753	-0	-1	-0.351093	-0.232786	-1	-0	-0.218881	0	0.485165	0	0	0	0	0	0.153053	0	0.0670578	0	0.26243	0.360584	0	0.206512	1	0.445876	0.461124	1	-0.579005	2	0.573984	3	0.802842	4	-0.279014	5	0.595307	6	0.763127	7	-0.0978705	8	0.96291	9	0.76851	10	-0.634882	11	0.537868	12	0.764042	13	-0.591662	14	0.121066	15	0.76179	16	-0.66554	17	-0.0492058	18	0.407111	19	0.187555	20	0.492497	21	0.673356	22	0.112932	23	0.0252945	24	0.500435	25	0.241904	26	-0.340799	27	0.348671	28	-0.729069	29	0.2616	30	0.797561	31	-0.883386	32	-0.132575	33	0.743984	34	-0.576396	35	-0.335936	36	0.874642	37	-0.091445	38	0.211105	39	0.742287	40	0.0581181	41	-0.121652	42	0.753645	43	0.310893	44	-0.229574	45	0.673131	
-0	-0	-0	-0.292681	-0	-0.245875	-0	-0	-0	-0	-0	0	0	0	0	0	0	0	0	0	0	0	0	0	0	0	1	0	0	1	-0.588693	2	0.582919	3	0.803494	4	-0.29216	5	0.599325	6	0.770585	7	-0.0980978	8	0.968241	9	0.767924	10	-0.638996	11	0.539269	12	0.766761	13	-0.592935	14	0.132753	15	0.755781	16	-0.684748	17	-0.0356939	18	0.401471	19	0.167402	20	0.499139	21	0.685041	22	0.109646	23	0.00390973	24	0.506812	25	0.237499	26	-0.366136	27	0.359822	28	-0.729346	29	0.271149	30	0.788115	31	-0.901242	32	-0.111727	33	0.739536	34	-0.550287	35	-0.290119	36	0.90221	37	-0.0966523	38	0.22401	39	0.738806	40	0.0651914	41	-0.121435	42	0.745192	43	0.366071	44	-0.297413	45	0.767912	
-0	-0	-0	-0	-0	-0	-0	-0	-0	-0	-0	-0	0	1	0.471962	0	0	1	0	0	0	0	0	0	0.00386309	0	0	0	0	1	-0.690251	2	0.670456	3	0.804589	4	-0.577127	5	0.829032	6	0.770237	7	-0.476234	8	0.92691	9	0.708696	10	-0.727133	11	0.641017	12	0.849629	13	-0.640324	14	0.140611	15	0.824701	16	-0.726238	17	0.0144845	18	0.463575	19	-0.271007	20	0.853507	21	0.603867	22	0.129611	23	0.294942	24	0.309869	25	-0.302181	26	-0.125471	27	0.147309	28	-0.568183	29	0.163192	30	0.84833	31	0.44619	32	-0.170317	33	0.873758	34	0.981075	35	-0.227184	36	0.768087	37	-0.0644735	38	0.236906	39	0.684603	40	-0.558367	41	-0.201123	42	0.61137	43	-0.507717	44	-0.437652	45	0.538203	
-0	-0	-0	-0	-0	-0	-0	-0	-0	-0	-0	-0	0	0.0398604	0	0	0	0.163034	0	0	0	0	0	0	0	0	0	0	0	1	-0.690026	2	0.666697	3	0.803693	4	-0.574297	5	0.825863	6	0.769236	7	-0.469308	8	0.923313	9	0.70741	10	-0.72471	11	0.63923	12	0.848941	13	-0.629109	14	0.14279	15	0.827877	16	-0.721836	17	0.00909596	18	0.468299	19	-0.268905	20	0.849062	21	0.602621	22	0.131664	23	0.298012	24	0.309561	25	-0.300533	26	-0.121886	27	0.147028	28	-0.569861	29	0.160459	30	0.847783	31	0.454219	32	-0.169841	33	0.866186	34	0.984432	35	-0.230821	36	0.769073	37	-0.0670124	38	0.232669	39	0.683652	40	-0.555687	41	-0.202904	42	0.607521	43	-0.49949	44	-0.439348	45	0.540164	
-0.103377	-0.210259	-0	-0	-0	-0	-0	-0.244078	-0	-0	-0	-0	0	0	0	0	0.230108	0	0	0	0	0	0	0	0	0	0	0	0	1	-0.65413	2	0.661908	3	0.79378	4	-0.541884	5	0.822299	6	0.758298	7	-0.440316	8	0.921784	9	0.696223	10	-0.712196	11	0.638574	12	0.835416	13	-0.61098	14	0.152808	15	0.830821	16	-0.712957	17	0.00232886	18	0.470904	19	-0.222663	20	0.842491	21	0.59474	22	0.137453	23	0.307041	24	0.305767	25	-0.292	26	-0.115519	27	0.141723	28	-0.553985	29	0.1573	30	0.837425	31	0.458895	32	-0.175481	33	0.866927	34	1	35	-0.227635	36	0.76558	37	-0.0346854	38	0.226092	39	0.677112	40	-0.538084	41	-0.204753	42	0.598884	43	-0.497972	44	-0.44058	45	0.554832	
-0	-0	-0.189671	-0	-0.390816	-0.261994	-0	-0	-0.244789	-0.422242	-0	-0.319172	0	0	0	0	0	0	0	0	0	0	0	0	0.217342	0	0.311655	0	0	1	-0.670822	2	0.665893	3	0.790856	4	-0.542545	5	0.8301	6	0.751189	7	-0.436978	8	0.930238	9	0.685614	10	-0.710045	11	0.655686	12	0.830504	13	-0.614669	14	0.153815	15	0.819465	16	-0.711781	17	0.00455877	18	0.46046	19	-0.227106	20	0.83861	21	0.585847	22	0.132277	23	0.299075	24	0.299162	25	-0.303281	26	-0.123826	27	0.139018	28	-0.574999	29	0.16328	30	0.840434	31	0.453368	32	-0.166708	33	0.857697	34	0.980157	35	-0.231538	36	0.76428	37	-0.0607324	38	0.219539	39	0.67722	40	-0.544421	41	-0.209669	42	0.596862	43	-0.493943	44	-0.444326	45	0.556374	
-0	-0	-0	-0.246098	-0	-0	-0.207566	-0	-0	-0	-0.157192	-0	0.186839	0	0	0.133833	0	0	0.219323	0.162685	0.062108	0.256913	0.251304	0.130039	0	0.110427	0	0.283366	0.195343	1	-0.655272	2	0.663929	3	0.786665	4	-0.538535	5	0.827905	6	0.745159	7	-0.434905	8	0.926218	9	0.677181	10	-0.711118	11	0.653582	12	0.823303	13	-0.625873	14	0.151575	15	0.8164	16	-0.713505	17	0.0056961	18	0.45623	19	-0.217573	20	0.836548	21	0.581258	22	0.130922	23	0.299956	24	0.298523	25	-0.302006	26	-0.123659	27	0.138455	28	-0.559387	29	0.161872	30	0.837471	31	0.461571	32	-0.170416	33	0.861413	34	0.987855	35	-0.232873	36	0.767276	37	-0.0382796	38	0.218234	39	0.675964	40	-0.537539	41	-0.213107	42	0.603258	43	-0.480883	44	-0.44708	45	0.553442	
-0.154233	-1	-0	-0.183178	-0.386993	-0	-1	-0.39399	-0	-0.34423	-0	-0	-0.186839	0.187018	0.135699	0	0.13699	0.157713	0.54853	0.515589	0	0.455998	0.0610562	0	0	0	0	0.728233	0	1	0.16009	2	0.534019	3	0.885737	4	0.435578	5	0.543316	6	0.869756	7	0.506573	8	0.852511	9	0.87921	10	-0.104324	11	0.502302	12	0.891106	13	-0.316579	14	0.170504	15	0.894427	16	-0.672666	17	0.0568586	18	0.613689	19	0.836595	20	0.426898	21	0.754764	22	0.567421	23	0.21504	24	0.446833	25	0.46268	26	0.578067	27	0.392295	28	-0.248362	29	0.246605	30	0.866366	31	-0.486344	32	-0.0842552	33	0.791555	34	-0.488958	35	-0.215363	36	0.725137	37	0.332602	38	0.182625	39	0.783312	40	0.292257	41	-0.190126	42	0.843337	43	0.31737	44	-0.350513	45	0.861998	
-0	-0.0042076	-0	-0	-0	-0	-0	-0	-0	-0	-0	-0	-0	0	0	0	0	0	0	0	0	0	0	0	0	0	0	0	0	1	0.160303	2	0.514118	3	0.890571	4	0.464145	5	0.509426	6	0.875246	7	0.501213	8	0.853275	9	0.886456	10	-0.0733229	11	0.487466	12	0.893489	13	-0.343657	14	0.194813	15	0.909243	16	-0.676103	17	0.0524669	18	0.612558	19	0.848294	20	0.374413	21	0.762989	22	0.525361	23	0.161309	24	0.451779	25	0.446272	26	0.521875	27	0.405214	28	-0.286149	29	0.251825	30	0.870405	31	-0.529769	32	-0.0960032	33	0.77668	34	-0.490467	35	-0.182858	36	0.716113	37	0.322538	38	0.168663	39	0.787188	40	0.296435	41	-0.210647	42	0.849908	43	0.325444	44	-0.362431	45	0.874831	
-0	-0.698821	-0.272003	-0.924	-0	-0.44702	-0.258506	-0	-0.909639	-0.0654368	-0.605307	-0.485165	-0	0	0.00552417	0.770608	0	0	0.397892	0	0.0701837	0	0.406938	0.66382	0.231997	0.164717	0.500876	0	0.625637	1	0.160303	2	0.514118	3	0.890571	4	0.464145	5	0.509426	6	0.875246	7	0.501213	8	0.853275	9	0.886456	10	-0.0733229	11	0.487466	12	0.893489	13	-0.343657	14	0.194813	15	0.909243	16	-0.676103	17	0.0524669	18	0.612558	19	0.848294	20	0.374413	21	0.762989	22	0.525361	23	0.161309	24	0.451779	25	0.446272	26	0.521875	27	0.405214	28	-0.286149	29	0.251825	30	0.870405	31	-0.529769	32	-0.0960032	33	0.77668	34	-0.490467	35	-0.182858	36	0.716113	37	0.322538	38	0.168663	39	0.787188	40	0.296435	41	-0.210647	42	0.849908	43	0.325444	44	-0.362431	45	0.874831	
-0.0267329	-0.13494	-0.170004	-0.249086	-0.432266	-0.299323	-0.153394	-0.0985327	-0.247908	-0.3489	-0.192575	-0.687649	-0.0398604	-0.170742	0.0594506	0.1705	0.0146734	0.125977	0.351159	0.163699	0.040214	0.787014	0.620846	0.134976	0.173933	0.0991166	0.461147	0.171795	0.23603	1	-0.914383	2	0.653414	3	0.770035	4	-0.951412	5	0.72169	6	0.733708	7	-0.953449	8	0.744659	9	0.670199	10	-0.968143	11	0.481468	12	0.799686	13	-0.855446	14	0.10037	15	0.76167	16	-0.993877	17	0.0321743	18	0.447818	19	-0.664617	20	0.818418	21	0.582202	22	0.0784047	23	0.354845	24	0.350188	25	0.193275	26	-0.105927	27	0.182255	28	-0.547473	29	0.189499	30	0.804883	31	-0.746006	32	-0.0968014	33	0.614517	34	-0.636584	35	-0.310165	36	0.566912	37	-0.0906524	38	0.337551	39	0.66571	40	-0.161572	41	-0.0881517	42	0.843328	43	0.719468	44	-0.190084	45	0.685874	
-0.0464548	-0.0248446	-0.0177885	-0.0176819	-0.134107	-0.0320547	-0.0290584	-0.0766656	-0.0465934	-0.152784	-0	-0.0282709	-1	-0.0162759	0.348552	0	0.146509	0.867949	0	0.00241126	0.0185797	0	0	0	0.113381	0.0161467	0.0813863	0.0511238	0	1	-1	2	0.66242	3	0.786438	4	-0.995912	5	0.743372	6	0.74026	7	-0.970898	8	0.777072	9	0.666481	10	-1	11	0.524202	12	0.810974	13	-0.861666	14	0.0723652	15	0.767927	16	-1	17	0.0135657	18	0.451833	19	-0.706756	20	0.813266	21	0.583832	22	0.0670831	23	0.346841	24	0.351744	25	0.189004	26	-0.108848	27	0.180142	28	-0.632415	29	0.199396	30	0.834197	31	0.227665	32	-0.101065	33	0.842387	34	0.628714	35	-0.197986	36	0.726786	37	-0.176236	38	0.319615	39	0.688362	40	-0.804929	41	-0.0871222	42	0.647573	43	-0.71464	44	-0.299781	45	0.513929	
-0	-0.138466	-0	-0	-0	-0	-0	-0	-0.203821	-0	-0.118146	-0.252258	-0	-0.141223	-0.341093	0.113821	0.198575	0.132617	0.161968	0	0.0430347	0	0	0	0.30344	0.0954648	0.253572	0	0.000689816	1	-0.929083	2	0.796577	3	0.820413	4	-0.515071	5	0.890038	6	0.813796	7	-0.19963	8	0.938235	9	0.779968	10	-0.65019	11	0.717572	12	0.89928	13	-0.976509	14	0.723475	15	0.794864	16	-0.871503	17	0.77384	18	0.582565	19	-0.259554	20	0.889904	21	0.639313	22	-0.476147	23	0.273203	24	0.262475	25	-0.988048	26	0.326371	27	0.197167	28	-0.920737	29	0.327274	30	0.835784	31	-0.349674	32	-0.0526697	33	0.913914	34	0.216681	35	-0.190951	36	0.811498	37	-0.508128	38	0.380025	39	0.669855	40	-0.989136	41	-0.0746693	42	0.648514	43	-0.853514	44	-0.293755	45	0.513572	
-0.0816921	-0	-0.165634	-0.164041	-0.32244	-0.216906	-0.145676	-0.214998	-0	-0.37578	-0	-0	-0.471962	-0	-0.0669103	0	0	1	0	0.156558	0	0.191888	0.19828	0	0	0	0	0.162779	0.189562	1	-0.935267	2	0.807799	3	0.8234	4	-0.51948	5	0.896743	6	0.82027	7	-0.198559	8	0.941079	9	0.789497	10	-0.653082	11	0.717619	12	0.905113	13	-0.975454	14	0.72349	15	0.789542	16	-0.87443	17	0.776608	18	0.582876	19	-0.264111	20	0.903654	21	0.646075	22	-0.479373	23	0.277056	24	0.260274	25	-0.994962	26	0.32544	27	0.196899	28	-0.925702	29	0.336136	30	0.834653	31	-0.336741	32	-0.044065	33	0.912746	34	0.220653	35	-0.183992	36	0.806429	37	-0.513442	38	0.396723	39	0.669469	40	-0.968001	41	-0.0642518	42	0.64247	43	-0.834635	44	-0.285809	45	0.507156	
-0	-0	-0	-0	-0	-0	-0	-0	-0	-0	-0	-0	-0	-0	-0	0	0	0	0	0	0	0	0	0.106595	0	0	0	0	0	1	-0.942107	2	0.815569	3	0.823373	4	-0.496513	5	0.916886	6	0.806783	7	-0.159672	8	0.978422	9	0.763877	10	-0.628812	11	0.763336	12	0.896329	13	-1	14	0.723431	15	0.792331	16	-0.879192	17	0.77304	18	0.576161	19	-0.253754	20	0.891851	21	0.628707	22	-0.490345	23	0.269045	24	0.263187	25	-1	26	0.324505	27	0.197766	28	-0.948259	29	0.34779	30	0.851704	31	-0.365763	32	-0.0393988	33	0.910568	34	0.206268	35	-0.181378	36	0.808973	37	-0.550199	38	0.375398	39	0.680369	40	-0.989507	41	-0.0762466	42	0.644749	43	-0.830354	44	-0.295069	45	0.511086	
-0	-0.503269	-0.265796	-0	-0	-0.405675	-0	-0	-0.554306	-0	-0	-0	-0	-0.292024	-0	-0	0	0	0.566898	0	0	0.383402	0.145509	0.617672	0.250181	0.134045	0	0	0.522014	1	-0.0131312	2	0.480702	3	0.995193	4	0.236198	5	0.498655	6	0.951776	7	0.538031	8	0.829622	9	0.934993	10	-0.319268	11	0.474699	12	0.949188	13	-0.577582	14	0.778414	15	0.874058	16	-0.197314	17	0.787622	18	0.654978	19	0.752845	20	0.367115	21	0.855898	22	0.6855	23	0.0905173	24	0.671729	25	0.969545	26	0.0404069	27	0.62141	28	-0.357376	29	0.204891	30	0.985366	31	-0.759232	32	-0.166422	33	0.969148	34	-0.68997	35	-0.321623	36	0.949372	37	0.285062	38	0.125103	39	0.930976	40	0.527128	41	-0.206184	42	0.929799	43	0.869727	44	-0.323211	45	0.829917	
-0.000191587	-0	-0	-0.660368	-0.341749	-0	-0.311693	-0.278146	-0	-0.29606	-0.190779	-0.390888	-0.133833	-0.478585	-0.1705	-0.113821	0.100182	0.114335	0	0.467123	0.062264	0.0145202	0.296311	0	0	0	0.423881	0.390987	0	1	-0.01282	2	0.483176	3	0.994378	4	0.237035	5	0.507478	6	0.950845	7	0.545836	8	0.832663	9	0.934638	10	-0.316968	11	0.482216	12	0.948827	13	-0.583381	14	0.777621	15	0.877243	16	-0.199947	17	0.781944	18	0.651218	19	0.75117	20	0.376518	21	0.85446	22	0.682775	23	0.0945884	24	0.669858	25	0.967514	26	0.0423209	27	0.617409	28	-0.359	29	0.201579	30	0.985128	31	-0.763912	32	-0.172191	33	0.956378	34	-0.633369	35	-0.36765	36	0.985115	37	0.286194	38	0.121696	39	0.929909	40	0.503005	41	-0.213538	42	0.930094	43	0.884618	44	-0.332221	45	0.83096	
-0	-0	-0	-0	-0	-0	-0	-0	-0	-0	-0.278247	-0	-0	-0	-0	-0	0	0	0	0	0	0	0	0	0	0	0	0	0	1	-0.0134995	2	0.473924	3	0.991753	4	0.232184	5	0.495996	6	0.949662	7	0.535809	8	0.834363	9	0.93111	10	-0.332099	11	0.470747	12	0.946332	13	-0.589695	14	0.764384	15	0.87017	16	-0.187823	17	0.785512	18	0.649298	19	0.76353	20	0.366245	21	0.85461	22	0.701876	23	0.0909237	24	0.665631	25	0.968693	26	0.0586867	27	0.616176	28	-0.366774	29	0.195727	30	0.980396	31	-0.759337	32	-0.171744	33	0.960594	34	-0.699802	35	-0.289049	36	0.960755	37	0.300706	38	0.11671	39	0.926616	40	0.520482	41	-0.214327	42	0.936739	43	0.959522	44	-0.354416	45	0.862524	
-0.135232	-0	-0	-0	-0	-0	-0.164852	-0	-0	-0	-0	-0	-0	-0	-0	-0	0	0	0	0	0	0	0	0	0	0	0	0	0	1	0.000947224	2	0.487318	3	0.994188	4	0.263532	5	0.51331	6	0.952133	7	0.531528	8	0.839252	9	0.929758	10	-0.293315	11	0.494001	12	0.951167	13	-0.585024	14	0.772464	15	0.878213	16	-0.188232	17	0.785829	18	0.646008	19	0.769441	20	0.374788	21	0.854661	22	0.692706	23	0.0805237	24	0.663481	25	1	26	0.0435584	27	0.618254	28	-0.374901	29	0.207344	30	0.984682	31	-0.754003	32	-0.150791	33	0.981002	34	-0.606751	35	-0.277338	36	0.938727	37	0.296831	38	0.119341	39	0.926939	40	0.553405	41	-0.200209	42	0.92333	43	0.924846	44	-0.353343	45	0.847704	
-0	-0	-0.175119	-0	-0.155445	-0.156955	-0	-0	-0	-0.167923	-0	-0.144305	-0.230108	-0	-0.161182	-0.198575	-0	0.197166	0	0	0	0.123075	0.138215	0	0	0	0.182295	0	0	1	-0.30398	2	0.260401	3	0.851572	4	-0.148477	5	0.39349	6	0.818878	7	-0.0149002	8	0.476517	9	0.758618	10	0.181405	11	0.325545	12	0.909664	13	0.389817	14	0.570216	15	0.948145	16	0.350436	17	-0.0765864	18	0.82288	19	-0.740447	20	0.324394	21	0.638979	22	-1	23	0.350671	24	0.367926	25	-0.99189	26	0.575652	27	0.438116	28	0.104941	29	-0.0868796	30	0.899027	31	0.537574	32	-0.34822	33	0.801601	34	0.317012	35	-0.475443	36	0.668794	37	-0.375729	38	-0.121737	39	0.720676	40	-0.745755	41	-0.392732	42	0.651348	43	-0.655339	44	-0.545736	45	0.594559	
-0.163264	-0.157875	-0	-0.148948	-0	-0	-0.13912	-0.235154	-0.138006	-0	-0.114978	-0	-0	-0.13699	-0	-0	-0.100182	0	0.1309	0.127967	0	0	0	0.115387	0.139135	0.0266999	0	0.168702	0.16472	1	-0.26537	2	0.253965	3	0.846168	4	-0.0849299	5	0.388643	6	0.814266	7	0.0638486	8	0.473114	9	0.7549	10	0.221176	11	0.311026	12	0.905543	13	0.404252	14	0.613164	15	0.948059	16	0.349714	17	-0.0453674	18	0.815854	19	-0.671953	20	0.331334	21	0.63414	22	-0.986461	23	0.385669	24	0.360947	25	-0.95357	26	0.598975	27	0.43651	28	0.089824	29	-0.0972449	30	0.888742	31	0.527152	32	-0.356405	33	0.794474	34	0.316277	35	-0.482559	36	0.664886	37	-0.357645	38	-0.123882	39	0.718864	40	-0.777319	41	-0.387877	42	0.643706	43	-0.683347	44	-0.542105	45	0.587225	
-0	-0	-0	-0	-0	-0	-0	-0	-0	-0	-0	-0	-0	-0	-0	-0	-0	0	0	0	0	0	0	0	0	0.091673	0	0	0	1	-0.265215	2	0.239158	3	0.843244	4	-0.103895	5	0.374668	6	0.809341	7	0.0325863	8	0.460108	9	0.748363	10	0.20595	11	0.306904	12	0.901706	13	0.411323	14	0.610939	15	0.947218	16	0.348505	17	-0.0467313	18	0.813974	19	-0.687508	20	0.307364	21	0.628389	22	-0.980362	23	0.38291	24	0.358855	25	-0.946207	26	0.596876	27	0.435841	28	0.11013	29	-0.105323	30	0.890647	31	0.53751	32	-0.362012	33	0.795076	34	0.312996	35	-0.486964	36	0.664214	37	-0.345143	38	-0.140903	39	0.715553	40	-0.76279	41	-0.401832	42	0.645432	43	-0.670441	44	-0.552549	45	0.588891	
-0	-0	-0	-0	-0	-0	-0	-0	-0	-0	-0	-0	-0	-0	-0	-0	-0	0	0	0	0.0681372	0	0	0	0	0	0	0	0	1	-0.258344	2	0.230008	3	0.840908	4	-0.0969668	5	0.367231	6	0.804964	7	0.0384246	8	0.454146	9	0.742477	10	0.222825	11	0.306125	12	0.894694	13	0.40552	14	0.613942	15	0.949433	16	0.348965	17	-0.0448797	18	0.812915	19	-0.698284	20	0.292961	21	0.626801	22	-0.992927	23	0.401448	24	0.36276	25	-0.942818	26	0.601133	27	0.441434	28	0.122251	29	-0.110323	30	0.888477	31	0.550232	32	-0.365437	33	0.792657	34	0.318695	35	-0.48962	36	0.661605	37	-0.349618	38	-0.153496	39	0.717482	40	-0.76419	41	-0.405687	42	0.639064	43	-0.671685	44	-0.555437	45	0.582742	
-0.081049	-0.157764	-0.177182	-0.205873	-0.422812	-0.251617	-0.167426	-0.188785	-0.236763	-0.522316	-0.137493	-0.341115	-1	-0.157713	-0	-0	-0.114335	-0.197166	0.199584	0.144813	0.0494009	0.256709	0.252569	0.116532	0	0.107321	0.307259	0.208817	0.198341	1	-0.870774	2	0.856462	3	0.734159	4	-0.634541	5	0.908843	6	0.759534	7	-0.4452	8	0.9196	9	0.747538	10	-0.789507	11	0.661214	12	0.816704	13	-0.734628	14	0.1744	15	0.877208	16	-0.890856	17	-0.0589451	18	0.555696	19	-0.294423	20	0.994289	21	0.615284	22	-0.258686	23	0.274096	24	0.212219	25	-0.677524	26	-0.0518159	27	0.0173957	28	-0.780439	29	0.365164	30	0.699797	31	-0.197643	32	-0.00161656	33	0.861867	34	0.450017	35	-0.119222	36	0.784696	37	-0.274077	38	0.508804	39	0.573639	40	-0.907226	41	0.0116084	42	0.628332	43	-0.618251	44	-0.238635	45	0.565597	
-0	-0	-0	-0	-0	-0	-0	-0	-0	-0	-0	-0	-0.163034	-0	-0	-0	-0	-0	0	0	0	0	0	0	0	0	0	0	0	1	-0.871453	2	0.856041	3	0.735499	4	-0.638645	5	0.91212	6	0.758481	7	-0.45161	8	0.922191	9	0.7434	10	-0.790302	11	0.665314	12	0.81685	13	-0.734283	14	0.173553	15	0.876813	16	-0.889699	17	-0.0596177	18	0.555592	19	-0.301434	20	0.996262	21	0.613127	22	-0.257398	23	0.273786	24	0.210818	25	-0.677077	26	-0.0524483	27	0.016973	28	-0.776353	29	0.362557	30	0.704347	31	-0.211099	32	-0.000195425	33	0.875407	34	0.441407	35	-0.118465	36	0.798484	37	-0.273139	38	0.504489	39	0.576627	40	-0.924024	41	0.0115328	42	0.637699	43	-0.635062	44	-0.238746	45	0.57261	
-0	-0	-0	-0	-0	-0	-0	-0	-0	-0	-0	-0	-0	-0	-0	-0.582481	-0	-0	0	0	0	0	0	0	0.254467	0	0	0	0	1	-0.879465	2	0.859923	3	0.738522	4	-0.645864	5	0.918789	6	0.759664	7	-0.457951	8	0.928458	9	0.742766	10	-0.796728	11	0.67389	12	0.818072	13	-0.741175	14	0.171735	15	0.871543	16	-0.890112	17	-0.0559398	18	0.543627	19	-0.306435	20	1	21	0.614206	22	-0.256948	23	0.261629	24	0.213416	25	-0.67746	26	-0.0536844	27	0.0185861	28	-0.782785	29	0.36476	30	0.709234	31	-0.219461	32	-0.00246116	33	0.874777	34	0.432523	35	-0.120086	36	0.792723	37	-0.277396	38	0.503639	39	0.581364	40	-0.924537	41	0.0098548	42	0.633315	43	-0.641636	44	-0.240432	45	0.578287	
-0	-0	-0	-0	-0	-0	-0	-0	-0	-0	-0	-0	-0	-0	-0.993926	-0.550136	-0	-0	0	0	0	0	0	0	0	0	0	0	0	1	-0.927818	2	0.844269	3	0.747421	4	-0.672328	5	0.907877	6	0.766295	7	-0.465808	8	0.926985	9	0.749179	10	-0.806671	11	0.668069	12	0.828826	13	-0.730572	14	0.179252	15	0.881655	16	-0.867131	17	-0.0794197	18	0.565398	19	-0.344593	20	0.984316	21	0.616512	22	-0.263958	23	0.258734	24	0.21197	25	-0.68018	26	-0.0600626	27	0.0190933	28	-0.822813	29	0.351181	30	0.722948	31	-0.204672	32	-0.00621093	33	0.881598	34	0.434878	35	-0.121911	36	0.789239	37	-0.331616	38	0.484367	39	0.589482	40	-0.954244	41	-0.00611783	42	0.63457	43	-0.646619	44	-0.251351	45	0.580363	
-0	-0	-0	-0	-0	-0	-0	-0	-0	-0	-0	-0.153053	-0	-0	-0	-0	-0	-0	-0	0	0.0709934	0	0.973702	0	0	0.178532	0.575911	0	0.00650208	1	-0.141442	2	0.597425	3	0.902747	4	-0.0341441	5	0.712406	6	0.877404	7	0.0364685	8	0.78831	9	0.81708	10	-0.473407	11	0.570158	12	0.892741	13	-0.474899	14	0.0918222	15	0.784426	16	-0.53171	17	-0.100282	18	0.434562	19	0.43954	20	0.695964	21	0.76787	22	0.585145	23	0.283265	24	0.597975	25	0.146783	26	-0.183644	27	0.437215	28	-0.324235	29	0.16399	30	0.88948	31	-0.635797	32	-0.170888	33	0.772908	34	-0.995116	35	-0.257526	36	0.555796	37	0.345792	38	0.192027	39	0.812226	40	0.360967	41	-0.220986	42	0.864627	43	0.400081	44	-0.410011	45	0.858452	
-0	-0.722249	-0	-0	-0	-0	-0	-0	-0	-0	-0.685108	-0	-0	-0.946422	-0	-0	-0.566898	-0	-0	0	0	0	0	0.565052	0	0	0	0	1	1	-0.143269	2	0.599762	3	0.902466	4	-0.0325268	5	0.715222	6	0.87683	7	0.0418494	8	0.79279	9	0.816634	10	-0.47321	11	0.574575	12	0.891648	13	-0.478038	14	0.0899077	15	0.78282	16	-0.529846	17	-0.100558	18	0.433837	19	0.442473	20	0.696614	21	0.767811	22	0.588715	23	0.283768	24	0.598628	25	0.14634	26	-0.179858	27	0.436229	28	-0.328864	29	0.166466	30	0.889179	31	-0.629058	32	-0.172057	33	0.776087	34	-1	35	-0.255973	36	0.558082	37	0.342407	38	0.19236	39	0.812603	40	0.366975	41	-0.220383	42	0.869601	43	0.40047	44	-0.412346	45	0.850021	
-0.122087	-0	-0.364091	-0.984988	-0.770184	-0.957868	-0	-0	-1	-0.77672	-0	-1	-0.219323	-0	-0.351159	-0.161968	-0	-0.1309	-0.199584	0	0	1	1	0	0.310082	0	0.381764	0	0	1	-0.148386	2	0.607563	3	0.905056	4	-0.0379609	5	0.72341	6	0.878449	7	0.0323703	8	0.802891	9	0.81745	10	-0.474294	11	0.580297	12	0.895804	13	-0.480023	14	0.096171	15	0.786142	16	-0.530241	17	-0.107248	18	0.436713	19	0.433241	20	0.706801	21	0.766884	22	0.57549	23	0.284982	24	0.597116	25	0.152666	26	-0.187827	27	0.436708	28	-0.329545	29	0.171241	30	0.894367	31	-0.618022	32	-0.167631	33	0.778432	34	-0.992816	35	-0.252834	36	0.560488	37	0.33758	38	0.199336	39	0.814433	40	0.381979	41	-0.21484	42	0.874742	43	0.383814	44	-0.409416	45	0.850209	
-0	-0	-0	-1	-0	-0	-0.737038	-0.270102	-0.448207	-0	-0	-0	-0	-0	-0	-0	-0	-0	-0	0.36607	0	0.902751	0	0	0	0	0	0.729937	0	1	-0.142166	2	0.606298	3	0.90377	4	-0.0348316	5	0.721685	6	0.877578	7	0.0339276	8	0.801853	9	0.816824	10	-0.475139	11	0.579567	12	0.89176	13	-0.486656	14	0.0919978	15	0.781696	16	-0.532998	17	-0.102325	18	0.430308	19	0.440692	20	0.704103	21	0.769157	22	0.588363	23	0.284239	24	0.600727	25	0.150613	26	-0.178959	27	0.436419	28	-0.325609	29	0.171096	30	0.890592	31	-0.618023	32	-0.168263	33	0.775855	34	-0.993141	35	-0.256741	36	0.562073	37	0.346293	38	0.198214	39	0.814819	40	0.37029	41	-0.216625	42	0.870829	43	0.401595	44	-0.409455	45	0.852989	
-0.0239565	-0	-0	-0	-0	-0	-0	-0	-0	-0	-0	-0	-0	-0	-0	-0	-0	-0	-0	-0	0	0	0	0	0	0	0	0	0	1	-0.0255506	2	0.830539	3	0.821101	4	0.257227	5	0.912298	6	0.825604	7	0.468434	8	0.936312	9	0.803478	10	-0.229354	11	0.769933	12	0.87753	13	-0.524007	14	0.981771	15	0.971682	16	-0.168158	17	0.886666	18	0.786658	19	0.663853	20	0.874724	21	0.683118	22	0.531222	23	0.999952	24	0.427811	25	0.0049329	26	0.9867	27	0.537395	28	-0.371394	29	0.38105	30	0.802758	31	-0.228604	32	-0.0701951	33	0.881431	34	-0.464551	35	-0.287438	36	0.820236	37	0.226489	38	0.398076	39	0.680728	40	0.486615	41	-0.0631924	42	0.678387	43	0.78423	44	-0.261047	45	0.510168	
-0	-0	-0.288357	-0.418208	-0.346495	-0.325657	-0	-0	-0.345329	-0.30537	-0	-0.262369	-0.162685	-0	-0.166111	-0.156558	-0	-0	-0.144813	-0.36607	0	0.296342	0.31895	0	0.181054	0	0.260625	0	0.434462	1	-0.0458688	2	0.82412	3	0.821617	4	0.239987	5	0.906973	6	0.825448	7	0.453048	8	0.931082	9	0.803189	10	-0.239822	11	0.765094	12	0.878055	13	-0.532937	14	0.964715	15	0.974214	16	-0.179279	17	0.879141	18	0.790729	19	0.644801	20	0.869397	21	0.682324	22	0.537056	23	0.994748	24	0.422739	25	0.00337773	26	0.980731	27	0.531478	28	-0.384663	29	0.375211	30	0.80439	31	-0.230489	32	-0.0742848	33	0.879605	34	-0.472587	35	-0.290271	36	0.819074	37	0.210695	38	0.39194	39	0.681481	40	0.4762	41	-0.0655929	42	0.67488	43	0.786862	44	-0.262912	45	0.509562	
-0.144969	-0.46284	-0	-0	-0	-0	-0	-0.815582	-0	-0	-0.317796	-0	-0	-0.515589	-0	-0	-0.467123	-0.127967	-0	-0	0.0483932	0	0	0.287485	0	0.090366	0	0	0	1	-0.0329745	2	0.808046	3	0.820802	4	0.254092	5	0.891095	6	0.824699	7	0.464643	8	0.912422	9	0.802761	10	-0.223329	11	0.748026	12	0.880412	13	-0.527198	14	0.972031	15	0.973304	16	-0.171414	17	0.881849	18	0.791119	19	0.648853	20	0.856591	21	0.678588	22	0.532679	23	0.994633	24	0.419342	25	0.00272318	26	0.991325	27	0.527815	28	-0.373079	29	0.361129	30	0.805558	31	-0.20825	32	-0.083809	33	0.878929	34	-0.471526	35	-0.29666	36	0.8176	37	0.211927	38	0.380429	39	0.678655	40	0.486805	41	-0.0724813	42	0.673856	43	0.783798	44	-0.268536	45	0.506907	
-0	-0	-0	-0	-0	-0	-0.795913	-0	-0	-0	-0	-0	-0	-0	-0	-0	-0	-0	-0	-0	0	0	0	0	0	0	0	0.397076	0	1	-0.0396026	2	0.818392	3	0.828551	4	0.249817	5	0.904547	6	0.829503	7	0.462348	8	0.933931	9	0.80361	10	-0.22482	11	0.762808	12	0.886099	13	-0.530945	14	0.961219	15	0.978386	16	-0.183892	17	0.879406	18	0.792211	19	0.642522	20	0.867065	21	0.682291	22	0.534107	23	0.993623	24	0.424493	25	0.00262968	26	0.988101	27	0.531239	28	-0.377793	29	0.368114	30	0.816745	31	-0.213566	32	-0.0797432	33	0.886436	34	-0.473121	35	-0.292429	36	0.817821	37	0.204821	38	0.384461	39	0.688452	40	0.491795	41	-0.0675527	42	0.680196	43	0.782743	44	-0.261959	45	0.505008	
-0.0503163	-0.0010264	-0	-0	-0	-0	-0	-0	-0	-0	-0	-0	-0	-0	-0	-0	-0	-0	-0	-0	-0	0	0	0	0	0	0	0	0	1	0.302479	2	-0.986356	3	0.826397	4	-0.14555	5	-0.990671	6	0.698519	7	-0.41171	8	-0.982282	9	0.561964	10	-0.407411	11	-0.984653	12	0.779175	13	-0.32086	14	-0.994769	15	0.800992	16	-0.261748	17	-0.989739	18	0.454438	19	0.122004	20	-0.998683	21	0.534536	22	0.352533	23	-0.964127	24	0.252377	25	-0.181776	26	-0.563945	27	0.243573	28	0.506165	29	-0.972525	30	0.964385	31	0.752969	32	-0.981641	33	0.99659	34	0.264607	35	-0.986095	36	0.985705	37	0.982322	38	-0.97291	39	0.804744	40	0.84627	41	-0.981331	42	0.8335	43	0.656078	44	-0.983001	45	0.735234	
-0	-0.0645063	-0	-0	-0.0563414	-0	-0	-0	-0.0594086	-0.0557234	-0	-0.0670578	-0.062108	-0	-0.0548585	-0.0430347	-0	-0	-0.0494009	-0	-0	0	0	0	0.0493743	0.0982113	0	0	0	1	0.257541	2	-0.999241	3	0.8192	4	-0.166876	5	-0.983245	6	0.699754	7	-0.417238	8	-0.957951	9	0.572161	10	-0.419442	11	-0.979958	12	0.780939	13	-0.311191	14	-0.9922	15	0.808237	16	-0.26369	17	-0.989229	18	0.46109	19	0.0971008	20	-0.988861	21	0.535205	22	0.351951	23	-0.96965	24	0.252333	25	-0.184305	26	-0.569389	27	0.240784	28	0.46239	29	-0.99974	30	0.94893	31	0.695106	32	-0.99982	33	0.980881	34	0.230108	35	-0.999864	36	0.970064	37	0.933028	38	-1	39	0.788856	40	0.808928	41	-1	42	0.832632	43	0.664251	44	-0.999281	45	0.74894	
-0	-0	-0	-0.0721184	-0	-0	-0	-0	-0	-0	-0.0756646	-0	-0	-0	-0	-0	-0.062264	-0	-0	-0.0706056	-0	0	0	0.0618504	0	0	0	0	0	1	0.257067	2	-0.994835	3	0.824278	4	-0.169639	5	-0.981404	6	0.703496	7	-0.414962	8	-0.959089	9	0.574518	10	-0.429339	11	-0.98805	12	0.780526	13	-0.318576	14	-0.983712	15	0.802194	16	-0.255246	17	-0.993978	18	0.458429	19	0.106009	20	-0.975641	21	0.542794	22	0.382105	23	-0.99669	24	0.248935	25	-0.170681	26	-0.587289	27	0.235853	28	0.457982	29	-0.999774	30	0.952577	31	0.689282	32	-0.99985	33	0.984588	34	0.226668	35	-0.999886	36	0.973732	37	0.941032	38	-0.988279	39	0.797711	40	0.822688	41	-0.992491	42	0.847711	43	0.708261	44	-0.994601	45	0.774355	
-0	-0	-0.0531173	-0	-0	-0.0643164	-0.0592614	-0.0694279	-0	-0	-0	-0	-0	-0.0701837	-0.00393509	-0	-0	-0.0681372	-0	-0.000387854	-0.0483932	0.0649438	0.0699983	0	0	0	0.0763664	0.0765944	0.0624208	1	0.256466	2	-1	3	0.822441	4	-0.168915	5	-0.985048	6	0.70226	7	-0.416463	8	-0.963072	9	0.57484	10	-0.421932	11	-0.98249	12	0.782806	13	-0.317286	14	-0.986824	15	0.802031	16	-0.25714	17	-1	18	0.459154	19	0.0966711	20	-0.989623	21	0.538188	22	0.335479	23	-0.937054	24	0.251951	25	-0.201744	26	-0.544447	27	0.248335	28	0.461753	29	-1	30	0.952458	31	0.694269	32	-1	33	0.984468	34	0.229654	35	-1	36	0.973612	37	0.934092	38	-0.999146	39	0.7931	40	0.81602	41	-0.999559	42	0.843531	43	0.707928	44	-1	45	0.772198	
-0.0975654	-0	-0.320317	-0.889683	-0.172866	-0	-0.399938	-0.233332	-0	-0	-0.415475	-0.423585	-0	-0	-0	-0	-0	-0.120373	-0	-0.902751	-0.296342	-0	1	0	0	0	0	0.509646	0	1	-0.433945	2	0.706648	3	0.866057	4	-0.393554	5	0.791355	6	0.854519	7	-0.341148	8	0.824288	9	0.816263	10	-0.72562	11	0.60669	12	0.837472	13	-0.557089	14	0.139067	15	0.761799	16	-0.820773	17	-0.0640973	18	0.447005	19	0.0918122	20	0.815932	21	0.77759	22	0.337217	23	0.245842	24	0.641149	25	0.2691	26	-0.262495	27	0.467286	28	-0.440907	29	0.252825	30	0.818268	31	-0.744547	32	-0.157289	33	0.871237	34	-0.834312	35	-0.348866	36	0.806143	37	0.23537	38	0.328013	39	0.78403	40	0.294905	41	-0.117142	42	0.756414	43	0.632757	44	-0.318685	45	0.652305	
-0	-0.353629	-0	-0	-0	-0.197645	-0	-0	-0.795815	-0	-0.0179351	-1	-0	-0.455998	-0	-0	-0.397922	-0	-0	-1	-0	-0.0649438	1	0.321173	0.324627	0.146729	0.0789322	0	0.605305	1	-0.437168	2	0.703931	3	0.865812	4	-0.393458	5	0.788637	6	0.854824	7	-0.3376	8	0.82054	9	0.817055	10	-0.726313	11	0.606407	12	0.83675	13	-0.556895	14	0.137045	15	0.76149	16	-0.820872	17	-0.0646557	18	0.447443	19	0.0930123	20	0.810671	21	0.778886	22	0.338507	23	0.246378	24	0.640466	25	0.267521	26	-0.261782	27	0.467856	28	-0.446135	29	0.251946	30	0.816791	31	-0.753546	32	-0.157445	33	0.87322	34	-0.843819	35	-0.34852	36	0.807314	37	0.231162	38	0.324505	39	0.783886	40	0.298131	41	-0.119458	42	0.757586	43	0.619093	44	-0.322412	45	0.656208	
-0	-0	-0	-0	-1	-0.710253	-0	-0	-0	-0.930057	-0	-1	-0.256913	-0	-0.787014	-0.191888	-0	-0.0027013	-0.256709	-0	-0	-0	1	0	0	0	0.997672	0	0	1	-0.451958	2	0.705617	3	0.865233	4	-0.405702	5	0.790484	6	0.854119	7	-0.349349	8	0.824921	9	0.815282	10	-0.733939	11	0.606287	12	0.838135	13	-0.556746	14	0.136347	15	0.761859	16	-0.819373	17	-0.0640531	18	0.44628	19	0.0797612	20	0.814612	21	0.776178	22	0.336594	23	0.246614	24	0.638492	25	0.262475	26	-0.260529	27	0.462376	28	-0.456213	29	0.252119	30	0.81773	31	-0.751327	32	-0.158196	33	0.871394	34	-0.837672	35	-0.349844	36	0.807996	37	0.219569	38	0.32681	39	0.782137	40	0.303029	41	-0.118109	42	0.759266	43	0.622285	44	-0.320843	45	0.653695	
-0	-0	-0	-0	-0.825465	-0.199768	-0	-0	-0	-0.063463	-0	-1	-0.251304	-0	-0.620846	-0.19828	-0	-0	-0.252569	-0.973702	-0	-0	-1	0	0.329993	0	0.606605	0.297967	0	1	-0.467885	2	0.607308	3	0.889186	4	-0.34205	5	0.712289	6	0.8714	7	-0.231181	8	0.781191	9	0.815818	10	-0.696588	11	0.567203	12	0.864504	13	-0.735867	14	0.0478282	15	0.836504	16	-0.310164	17	-0.0596494	18	0.556237	19	0.151986	20	0.699166	21	0.783759	22	0.33766	23	0.247185	24	0.600631	25	0.00928507	26	-0.22173	27	0.436862	28	-0.537034	29	0.177968	30	0.853929	31	-0.869721	32	-0.20824	33	0.893627	34	-0.819189	35	-0.38692	36	0.802134	37	0.145547	38	0.210547	39	0.805847	40	0.231082	41	-0.189446	42	0.771881	43	0.645669	44	-0.360875	45	0.644783	
-0	-0	-0	-0	-0	-0	-0	-0	-0.814978	-1	-0	-1	-0	-0	-0	-0	-0	-0	-0	-0	-0	-0	-1	0	0	0	0.0100866	0	0	1	-0.468763	2	0.606242	3	0.889503	4	-0.338306	5	0.71175	6	0.871722	7	-0.228859	8	0.781707	9	0.816634	10	-0.694479	11	0.568767	12	0.864866	13	-0.727607	14	0.0355481	15	0.828718	16	-0.297922	17	-0.0621281	18	0.552477	19	0.156363	20	0.69623	21	0.784018	22	0.349863	23	0.242724	24	0.603339	25	0.00473768	26	-0.217278	27	0.436341	28	-0.541778	29	0.177876	30	0.854257	31	-0.880787	32	-0.208165	33	0.891959	34	-0.812554	35	-0.38975	36	0.811	37	0.141353	38	0.207982	39	0.806108	40	0.223292	41	-0.191397	42	0.772361	43	0.644538	44	-0.361709	45	0.64579	
-0.102461	-0.362227	-0	-1	-0	-0	-0.432156	-0.245035	-0	-0	-0.559417	-0	-0	-0.467995	-0	-0	-0.44182	-0.138215	-0	-1	-0	-0.0699983	-0	0.394172	0	0.174501	0.918473	0.217655	1	1	-0.45314	2	0.592505	3	0.894554	4	-0.327936	5	0.700977	6	0.873506	7	-0.220441	8	0.771191	9	0.816156	10	-0.686755	11	0.558158	12	0.867765	13	-0.64352	14	0.0304038	15	0.777395	16	-0.188899	17	-0.0380701	18	0.53296	19	0.165748	20	0.686412	21	0.784636	22	0.363772	23	0.250818	24	0.610362	25	0.0106992	26	-0.207527	27	0.441906	28	-0.527897	29	0.164432	30	0.863302	31	-0.879035	32	-0.21653	33	0.898307	34	-0.823145	35	-0.392487	36	0.803719	37	0.154721	38	0.1948	39	0.813554	40	0.233061	41	-0.198092	42	0.774345	43	0.655788	44	-0.366254	45	0.646815	
-0	-0	-0.375084	-0.0788012	-0.359937	-0.886137	-0	-0	-0	-0	-0	-0.26243	-0	-0	-0	-0	-0	-0	-0	-0	-0.31895	-0	-1	0	0	0	0	0	0.0506732	1	-0.471877	2	0.601159	3	0.894663	4	-0.331603	5	0.70798	6	0.876456	7	-0.21585	8	0.777426	9	0.822397	10	-0.690186	11	0.568808	12	0.870837	13	-0.651673	14	0.028591	15	0.786391	16	-0.201898	17	-0.043355	18	0.535748	19	0.163444	20	0.68842	21	0.787327	22	0.372794	23	0.25142	24	0.612821	25	0.00509202	26	-0.200019	27	0.442547	28	-0.552055	29	0.174844	30	0.86053	31	-0.88269	32	-0.210725	33	0.895471	34	-0.801133	35	-0.386321	36	0.791608	37	0.131176	38	0.200633	39	0.810638	40	0.233811	41	-0.191096	42	0.767442	43	0.672605	44	-0.360012	45	0.644596	
-0	-0	-0	-0.684908	-0	-0	-0.51209	-0	-0	-0	-0.744805	-0	-0	-0	-0	-0	-0.607255	-0	-0	-0	-0.287485	-0	-0	-0	0	0	0	0.438187	0	1	0.166193	2	0.649841	3	0.879989	4	0.580258	5	0.749877	6	0.849786	7	0.887529	8	0.809063	9	0.789365	10	0.0604003	11	0.822312	12	0.74021	13	-0.0815599	14	0.342623	15	0.551941	16	0.313952	17	-0.0991794	18	0.39697	19	0.884625	20	0.479282	21	0.862977	22	0.468838	23	-0.0666027	24	0.681974	25	0.568551	26	-0.342223	27	0.48274	28	-0.31952	29	0.338761	30	0.790987	31	-0.748902	32	-0.0764787	33	0.908038	34	-0.881902	35	-0.272404	36	0.997576	37	0.171926	38	0.115506	39	0.875885	40	0.359378	41	-0.202784	42	0.769869	43	0.417498	44	-0.384087	45	0.607507	
-0	-0.678185	-0.39725	-0	-0.364843	-0.469431	-0	-0.20198	-0.674039	-0.335752	-0	-0.360584	-0.130039	-0.66382	-0.134976	-0.106595	-0	-0.115387	-0.116532	-0.565052	-0	-0	-0.321173	-0.394172	0.205733	0.190574	0.401852	0	0.7415	1	0.156701	2	0.648882	3	0.879301	4	0.577534	5	0.747237	6	0.850003	7	0.888559	8	0.803692	9	0.790132	10	0.0598839	11	0.823002	12	0.740555	13	-0.0809583	14	0.345397	15	0.554748	16	0.31396	17	-0.0990143	18	0.39783	19	0.879964	20	0.473047	21	0.863069	22	0.466794	23	-0.0655298	24	0.681292	25	0.567047	26	-0.339813	27	0.481311	28	-0.329667	29	0.341083	30	0.789437	31	-0.755119	32	-0.0759545	33	0.905008	34	-0.886204	35	-0.272454	36	0.993051	37	0.159338	38	0.114347	39	0.874207	40	0.349876	41	-0.204511	42	0.769851	43	0.404477	44	-0.384694	45	0.605386	
-0.177338	-0	-0	-0	-0	-0	-0	-0	-0	-0	-0	-0	-0	-0	-0	-0	-0.0104175	-0	-0	-0	-0	-0.0618504	-0	-0	0	0	0	0	0	1	0.179968	2	0.638	3	0.885601	4	0.602506	5	0.737919	6	0.852936	7	0.913035	8	0.796115	9	0.790602	10	0.0827802	11	0.811986	12	0.740942	13	-0.0797232	14	0.352059	15	0.557907	16	0.31415	17	-0.101118	18	0.402259	19	0.896307	20	0.4667	21	0.868334	22	0.478145	23	-0.0626675	24	0.686627	25	0.564881	26	-0.33782	27	0.481522	28	-0.313319	29	0.329985	30	0.797433	31	-0.73703	32	-0.0832444	33	0.912765	34	-0.877069	35	-0.278069	36	1	37	0.167113	38	0.105746	39	0.885304	40	0.368534	41	-0.207968	42	0.779744	43	0.428145	44	-0.383383	45	0.605449	
-0	-0	-0.231679	-0.278098	-0.479	-0.385237	-0.194723	-0.186066	-0	-0.522723	-0	-0.262069	-0.221205	-0	-0.287313	-0.30344	-0.250181	-0	-0.254467	-0	-0.181054	-0	-0.324627	-0.329993	-0	0	0	0.193764	0	1	-0.649306	2	0.66721	3	0.961635	4	-0.366853	5	0.684467	6	1	7	-0.129217	8	0.670252	9	1	10	-0.605081	11	0.780075	12	0.89915	13	-0.66331	14	0.955521	15	0.66614	16	-0.432514	17	0.971185	18	0.616294	19	-0.0304604	20	0.393829	21	0.99715	22	0.133364	23	-0.141422	24	0.659114	25	0.423763	26	-0.389438	27	0.525251	28	-0.691027	29	0.427419	30	0.804828	31	-0.936688	32	-0.00133054	33	0.686887	34	-0.682436	35	-0.182446	36	0.488422	37	-0.183845	38	0.192266	39	0.876172	40	-0.590318	41	-0.206774	42	0.995709	43	-0.793491	44	-0.386418	45	1	
-0.102131	-0.219744	-0	-0	-0	-0	-0	-0	-0.534597	-0	-0.172611	-0.192284	-0	-0.231997	-0	-0	-0	-0.00263693	-0	-0.310082	-0	-0	-0	-0	-0.205733	0	0.534179	0	0.335821	1	-0.635211	2	0.660542	3	0.962721	4	-0.353947	5	0.684228	6	0.998355	7	-0.113292	8	0.678914	9	0.996002	10	-0.582361	11	0.784059	12	0.892965	13	-0.663272	14	0.933174	15	0.667059	16	-0.439033	17	0.958003	18	0.603349	19	-0.0378523	20	0.388694	21	1	22	0.118787	23	-0.138461	24	0.662167	25	0.407542	26	-0.389494	27	0.528182	28	-0.671335	29	0.4195	30	0.805776	31	-0.964444	32	-0.0050878	33	0.687378	34	-0.706038	35	-0.185978	36	0.489647	37	-0.185393	38	0.178693	39	0.882936	40	-0.60866	41	-0.215242	42	1	43	-0.81513	44	-0.395396	45	0.993388	
-0	-0	-0	-0	-0	-0	-0	-0	-0	-0	-0	-0	-0	-0	-0	-0	-0	-0.136498	-0	-0	-0	-0.0493743	-0	-0	-0	0.148379	0	0	0	1	-0.626727	2	0.633835	3	0.959335	4	-0.339685	5	0.663289	6	0.992917	7	-0.100311	8	0.660827	9	0.988484	10	-0.568457	11	0.76619	12	0.886254	13	-0.660795	14	0.957065	15	0.668029	16	-0.423625	17	0.978071	18	0.615306	19	-0.0297227	20	0.366408	21	0.99608	22	0.114468	23	-0.157247	24	0.660017	25	0.40266	26	-0.397062	27	0.519912	28	-0.668224	29	0.394914	30	0.803761	31	-1	32	-0.0206949	33	0.68609	34	-0.718405	35	-0.19387	36	0.483205	37	-0.188596	38	0.151378	39	0.882685	40	-0.643019	41	-0.234605	42	0.982733	43	-0.851598	44	-0.403669	45	0.998984	
-0	-0	-0.148302	-0.0829728	-0.159643	-0.217221	-0.0475896	-0	-0	-0.0838177	-0.202273	-0.162138	-0	-0.0207689	-0.0982712	-0	-0.0404811	-0	-0	-0.102209	-0.0773318	-0	-0.146729	-0.130628	-0.0789171	-0	0.0746275	0.111857	0.045787	1	-0.51363	2	-0.114945	3	0.70615	4	0.22098	5	-0.27318	6	0.581266	7	0.895854	8	-0.379622	9	0.50384	10	-0.041789	11	-0.207127	12	0.478829	13	-0.289495	14	-0.32762	15	0.411578	16	0.0872673	17	-0.630289	18	0.334722	19	0.318899	20	-0.427485	21	0.601075	22	-0.0526214	23	-0.548518	24	0.491805	25	-0.0259014	26	-0.976532	27	0.305991	28	-0.93036	29	-0.101438	30	0.701758	31	-0.689913	32	0.0426619	33	0.49314	34	-0.862383	35	-0.0713403	36	0.481214	37	-0.563068	38	-0.215364	39	0.828257	40	-0.07201	41	-0.181124	42	0.848514	43	-0.128741	44	-0.277132	45	0.851519	
-0.0809326	-0	-0	-0	-0	-0	-0	-0	-0.0945589	-0.0303546	-0	-0	-0.110427	-0	-0	-0.0954648	-0	-0.0399372	-0.107321	-0	-0	-0	-0	-0	-0	-0.0977328	0	0	0	1	-0.526868	2	-0.0862136	3	0.718407	4	0.231572	5	-0.272361	6	0.592804	7	0.897112	8	-0.379571	9	0.501416	10	-0.0576514	11	-0.154636	12	0.499349	13	-0.293448	14	-0.285113	15	0.41793	16	0.0937647	17	-0.602175	18	0.341844	19	0.363039	20	-0.486964	21	0.603298	22	-0.0383177	23	-0.580843	24	0.484862	25	-0.0123413	26	-1	27	0.301391	28	-1	29	-0.011789	30	0.717459	31	-0.517952	32	0.0975382	33	0.46771	34	-0.814657	35	-0.0663415	36	0.465066	37	-0.548276	38	-0.216391	39	0.837605	40	-0.234327	41	-0.306442	42	0.932004	43	-0.174429	44	-0.273819	45	0.875054	
-0	-0.153564	-0	-0.0834167	-0	-0	-0.0722224	-0.105786	-0.110278	-0.0454444	-0	-0.0443738	-0	-0.143948	-0.0169921	-0	-0.0935636	-0.0784357	-0	-0.0763232	-0.0130342	-0.0982113	-0	-0.0438735	-0.111657	-0.0506463	0.182917	0.0277135	0.138229	1	-0.489026	2	-0.114326	3	0.714089	4	0.220443	5	-0.276609	6	0.587583	7	0.920475	8	-0.361321	9	0.507096	10	-0.0612346	11	-0.199634	12	0.487785	13	-0.289935	14	-0.303047	15	0.414394	16	0.0971288	17	-0.62405	18	0.333766	19	0.346124	20	-0.443274	21	0.604493	22	-0.0434137	23	-0.540633	24	0.4903	25	-0.0214295	26	-0.969012	27	0.308682	28	-0.909858	29	-0.0898773	30	0.715608	31	-0.701675	32	-0.0513474	33	0.484484	34	-0.843745	35	-0.0641928	36	0.474643	37	-0.511201	38	-0.219774	39	0.833084	40	-0.250362	41	-0.405647	42	0.913511	43	-0.139347	44	-0.262683	45	0.859655	
-0	-0.364806	-0	-0.698291	-0	-0	-0.359159	-0	-0.316651	-0	-0.482552	-1	-0	-0.500876	-0	-0	-0.423881	-0	-0	-0.957675	-0.142436	-0	-0.150418	-0.625266	-0.401852	-0	-0.178	0.1913	0	1	-0.548309	2	0.412682	3	0.803675	4	-0.290315	5	0.446533	6	0.778268	7	0.123928	8	0.808283	9	0.857497	10	-0.581235	11	0.425474	12	0.727546	13	-0.669632	14	0.21895	15	0.627719	16	-0.301334	17	-0.0124421	18	0.335965	19	0.0870383	20	0.31716	21	0.737889	22	-0.0238075	23	0.0893355	24	0.658842	25	0.274361	26	-0.208663	27	0.516968	28	-0.628428	29	0.139327	30	0.750412	31	-0.78724	32	-0.222693	33	0.737729	34	-0.515624	35	-0.341671	36	0.808973	37	-0.0858924	38	0.0565982	39	0.760777	40	0.0480224	41	-0.238273	42	0.798597	43	0.169835	44	-0.367184	45	0.786029	
-0	-0	-0	-0	-0	-0	-0	-0	-0	-0	-0	-0.11608	-0	-0	-0	-0	-0	-0	-0	-0	-0	-0.0763664	-0	-0	-0	-0	-0.0298511	0	0	1	-0.617122	2	0.35152	3	0.773122	4	-0.369638	5	0.344411	6	0.721308	7	0.0613135	8	0.750006	9	0.862599	10	-0.720945	11	0.280528	12	0.741776	13	-0.743587	14	0.134734	15	0.605058	16	-0.331125	17	-0.0931369	18	0.324143	19	0.132568	20	0.275805	21	0.614649	22	0.0073647	23	0.295134	24	0.630082	25	0.312643	26	-0.127744	27	0.558119	28	-0.687422	29	0.0980879	30	0.791005	31	-0.793484	32	-0.246012	33	0.764716	34	-0.570946	35	-0.351039	36	0.907141	37	-0.0883403	38	0.0719459	39	0.717159	40	0.0344364	41	-0.222656	42	0.742285	43	0.131247	44	-0.355002	45	0.755953	
-0	-0	-0	-0	-0	-0	-0	-0	-0	-0	-0	-0	-0	-0	-0.542534	-0	-0	-0	-0	-0	-0	-0	-0	-0	-0	-0	-0	0	0	1	-0.651509	2	0.420015	3	0.791816	4	-0.414289	5	0.44441	6	0.753643	7	0.0618821	8	0.760576	9	0.859615	10	-0.694496	11	0.379885	12	0.733792	13	-0.676402	14	0.202077	15	0.590508	16	-0.293296	17	-0.0394059	18	0.317245	19	0.00530086	20	0.365913	21	0.684523	22	-0.0880929	23	0.213975	24	0.644363	25	0.244999	26	-0.18512	27	0.562359	28	-0.675442	29	0.129383	30	0.771866	31	-0.760797	32	-0.196789	33	0.73505	34	-0.582334	35	-0.340062	36	0.850623	37	-0.123734	38	0.0957908	39	0.743409	40	0.000548413	41	-0.198391	42	0.771207	43	0.130598	44	-0.357299	45	0.770345	
-0	-0	-0	-0	-0.72597	-0.3461	-0	-0	-0	-0.391086	-0	-1	-0.311655	-0	-0	-0.253572	-0	-0	-0.307259	-0	-0	-0	-0.926186	-0.909898	-0	-0	-0	0	0	1	-0.607405	2	0.442162	3	0.791906	4	-0.357239	5	0.490554	6	0.758785	7	0.0334419	8	0.766032	9	0.854101	10	-0.618067	11	0.444504	12	0.721111	13	-0.650713	14	0.250814	15	0.599667	16	-0.250851	17	-0.00694156	18	0.323004	19	0.0075475	20	0.385615	21	0.706713	22	-0.109684	23	0.143451	24	0.643761	25	0.229374	26	-0.224004	27	0.537733	28	-0.667847	29	0.138841	30	0.754524	31	-0.739899	32	-0.190218	33	0.71975	34	-0.547816	35	-0.336837	36	0.808143	37	-0.101721	38	0.080211	39	0.750227	40	0.0352718	41	-0.22488	42	0.771613	43	0.145182	44	-0.333114	45	0.730832	
-0.113247	-0	-0.420212	-0	-0.52502	-1	-0	-0.259343	-0.748607	-0.737566	-0	-0.992425	-0	-0	-0	-0	-0	-0.182295	-0	-0	-0.118189	-0	-0	-0	-0	-0.534179	-0.0496929	0.227537	0.799352	1	-0.563215	2	0.44082	3	0.805476	4	-0.282461	5	0.496552	6	0.786578	7	0.0474817	8	0.788594	9	0.857043	10	-0.534581	11	0.493372	12	0.72235	13	-0.644015	14	0.280539	15	0.612654	16	-0.252398	17	0.00547473	18	0.341533	19	0.0347817	20	0.341021	21	0.758918	22	-0.0752413	23	0.0580227	24	0.646161	25	0.229087	26	-0.247765	27	0.528541	28	-0.639134	29	0.157239	30	0.735194	31	-0.7175	32	-0.165995	33	0.696442	34	-0.535234	35	-0.284974	36	0.778677	37	-0.132215	38	0.0454072	39	0.765729	40	0.00589739	41	-0.24047	42	0.793494	43	0.172032	44	-0.362014	45	0.751747	
-0	-0	-0	-0	-0	-0	-0	-0.466893	-0	-0	-0	-0	-0.283366	-0	-0.165665	-0	-0	-0.168702	-0	-0	-0	-0.0765944	-0	-0	-0	-0	-0.139571	-0	0	1	0.232676	2	0.673244	3	0.890589	4	0.22526	5	0.74976	6	0.862768	7	0.20347	8	0.816789	9	0.802769	10	-0.134421	11	0.563108	12	0.93131	13	-0.456912	14	0.218571	15	0.987047	16	-0.434822	17	-0.00341824	18	0.622564	19	0.462174	20	0.781079	21	0.702275	22	0.20958	23	0.130232	24	0.329552	25	-0.115643	26	-0.267531	27	0.114315	28	0.0950192	29	0.225617	30	0.918941	31	0.0384571	32	-0.15365	33	0.923469	34	-0.0511432	35	-0.306232	36	0.852282	37	0.55671	38	0.316805	39	0.765235	40	0.409541	41	-0.0847201	42	0.693623	43	0.558978	44	-0.248608	45	0.544165	
-0	-0	-0	-1	-0.508553	-0.509988	-0.730987	-0	-0.504194	-0.507389	-0.590523	-0.454826	-0	-0.728233	-0.0572529	-0.162779	-0.390987	-0	-0.208817	-0.729937	-0.397076	-0	-0.509646	-0.515621	-0	-0.193764	-0	-0.418838	0.585117	1	0.231918	2	0.679906	3	0.892608	4	0.226604	5	0.755712	6	0.865605	7	0.204405	8	0.827943	9	0.808325	10	-0.134338	11	0.567653	12	0.933753	13	-0.444999	14	0.211561	15	0.989073	16	-0.431292	17	-0.00810929	18	0.623504	19	0.464727	20	0.788036	21	0.705359	22	0.21409	23	0.130407	24	0.331218	25	-0.11082	26	-0.269335	27	0.117527	28	0.0921406	29	0.230823	30	0.91977	31	0.0265678	32	-0.149698	33	0.922579	34	-0.0573623	35	-0.302152	36	0.846844	37	0.555135	38	0.323346	39	0.766554	40	0.404045	41	-0.0807674	42	0.695589	43	0.553391	44	-0.243644	45	0.540707	
-0.206419	-0.679698	-0.388337	-0.740529	-0	-0	-0.129591	-0	-0	-0	-0	-0	-0	-0	-0	-0	-0	-0	-0	-0	-0	-0	-0	-0	-0.438187	-0	-0	-0	0	1	0.232939	2	0.68268	3	0.898547	4	0.235705	5	0.761435	6	0.869042	7	0.217791	8	0.835876	9	0.808201	10	-0.133304	11	0.578753	12	0.936481	13	-0.424501	14	0.228238	15	0.992772	16	-0.420871	17	-0.0158008	18	0.625957	19	0.481319	20	0.786888	21	0.709313	22	0.211477	23	0.122927	24	0.330961	25	-0.109216	26	-0.277655	27	0.116717	28	0.0816354	29	0.234159	30	0.927703	31	0.0606119	32	-0.149102	33	0.93395	34	-0.050253	35	-0.300842	36	0.852292	37	0.553129	38	0.319176	39	0.775229	40	0.399218	41	-0.0809012	42	0.699945	43	0.554591	44	-0.2436	45	0.545297	
-0	-0	-0	-0	-0	-0	-0	-0	-0	-0	-0	-0	-0	-0	-0	-0	-0	-0	-0	-0	-0	-0	-0	-0.0506732	-0	-0	-0	-0	-0	1	-0.197114	2	0.676336	3	0.985606	4	0.0854459	5	0.718407	6	0.991246	7	0.312687	8	0.775192	9	0.958214	10	-0.353685	11	0.725142	12	0.93587	13	-0.271866	14	0.407633	15	0.695763	16	0.238027	17	0.216376	18	0.576798	19	0.503161	20	0.527717	21	0.944661	22	0.201138	23	0.0751532	24	0.554889	25	-0.424716	26	0.00168014	27	0.415075	28	-0.496313	29	0.36953	30	0.890374	31	-0.810842	32	-0.0565483	33	0.922227	34	-0.851844	35	-0.223885	36	0.833489	37	0.152152	38	0.226543	39	0.905068	40	0.122461	41	-0.172076	42	0.924206	43	0.486558	44	-0.308342	45	0.797453	
-0.155208	-0	-0	-0.297943	-0	-0	-0	-0	-0	-0	-0.269626	-0	-0	-0	-0	-0	-0.522014	-0	-0	-0	-0	-0	-0	-0	-0.7415	-0	-0	-0	-0	1	-0.185376	2	0.682855	3	0.98576	4	0.0961295	5	0.724929	6	0.991264	7	0.321943	8	0.782508	9	0.957341	10	-0.346474	11	0.731059	12	0.935973	13	-0.274091	14	0.407268	15	0.695686	16	0.236158	17	0.20989	18	0.570911	19	0.513912	20	0.534253	21	0.944594	22	0.199433	23	0.0745094	24	0.552599	25	-0.424824	26	-0.00167395	27	0.411455	28	-0.48876	29	0.374576	30	0.89072	31	-0.797382	32	-0.0533496	33	0.918297	34	-0.845348	35	-0.222494	36	0.833314	37	0.160129	38	0.231786	39	0.905292	40	0.136207	41	-0.168984	42	0.927759	43	0.487712	44	-0.307338	45	0.801454	
-0	-0	-0	-0	-0	-0	-0	-0	-0	-0	-0	-0	-0	-0	-0	-0	-0	-0.16472	-0	-0	-0	-0	-0	-0	-0	-0	-0	-0	-0	1	-0.193232	2	0.681	3	0.984873	4	0.0898006	5	0.723713	6	0.990037	7	0.318582	8	0.780656	9	0.956508	10	-0.351649	11	0.728908	12	0.935431	13	-0.281256	14	0.41015	15	0.693248	16	0.233678	17	0.210596	18	0.570321	19	0.508855	20	0.534256	21	0.942772	22	0.171441	23	0.0794152	24	0.543389	25	-0.451878	26	-0.00156161	27	0.408433	28	-0.495268	29	0.372005	30	0.890693	31	-0.801953	32	-0.0552964	33	0.917769	34	-0.847419	35	-0.224848	36	0.835886	37	0.154861	38	0.230401	39	0.904341	40	0.124136	41	-0.169735	42	0.924566	43	0.492488	44	-0.307132	45	0.802426	
-0	-0.525436	-0.637297	-1	-0	-0	-0.644439	-0.319535	-0	-0	-0	-0	-0	-0.625637	-0	-0	-0	-0	-0	-0.00650208	-0.434462	-0	-0	-0	-0	-0	-0	-0	-0.585117	1	-0.187493	2	0.682008	3	0.985561	4	0.0952885	5	0.724133	6	0.991029	7	0.324022	8	0.780643	9	0.957069	10	-0.345907	11	0.731907	12	0.934898	13	-0.300225	14	0.406994	15	0.697789	16	0.217605	17	0.196853	18	0.569668	19	0.511416	20	0.531624	21	0.945187	22	0.183502	23	0.0807426	24	0.548262	25	-0.439334	26	-0.000604289	27	0.409581	28	-0.490197	29	0.374832	30	0.889972	31	-0.780075	32	-0.0539546	33	0.918381	34	-0.842218	35	-0.22373	36	0.838697	37	0.156874	38	0.230031	39	0.905723	40	0.142987	41	-0.17	42	0.930076	43	0.479882	44	-0.308713	45	0.800679	
-0	-0	-0	-0	-0.766509	-1	-0	-0	-0.857681	-0.862193	-0.34735	-0.68872	-0.195343	-0	-0.23603	-0.190252	-0	-0	-0.198341	-1	-0	-0.0624208	-0.605305	-1	-0	-0.335821	-0.184016	-0.799352	-0	1	-0.206393	2	0.678412	3	0.982574	4	0.0855117	5	0.720956	6	0.987766	7	0.319179	8	0.778924	9	0.956178	10	-0.355712	11	0.727345	12	0.934803	13	-0.307903	14	0.40728	15	0.69924	16	0.208609	17	0.192552	18	0.566314	19	0.506241	20	0.530404	21	0.939002	22	0.188764	23	0.0463094	24	0.548643	25	-0.433616	26	0.0030216	27	0.40906	28	-0.511219	29	0.370696	30	0.889562	31	-0.794482	32	-0.0572117	33	0.91788	34	-0.847766	35	-0.225361	36	0.833913	37	0.140253	38	0.22786	39	0.901013	40	0.132694	41	-0.17128	42	0.926034	43	0.485364	44	-0.308279	45	0.796874	
