SVM_MODEL_FILE_V2.0
Trained: 1
UseScaling: 1
NumInputDimensions: 45
NumOutputDimensions: 0
NumTrainingIterationsToConverge: 0
MinNumEpochs: 0
MaxNumEpochs: 100
ValidationSetSize: 20
LearningRate: 0.1
MinChange: 1e-05
UseValidationSet: 0
RandomiseTrainingOrder: 1
UseNullRejection: 0
ClassifierMode: 0
NullRejectionCoeff: 5
NumClasses: 30
NullRejectionThresholds:  0 0 0 0 0 0 0 0 0 0 0 0 0 0 0 0 0 0 0 0 0 0 0 0 0 0 0 0 0 0
ClassLabels:  517 518 519 520 521 522 523 524 525 526 527 528 529 530 531 532 533 534 535 536 537 538 539 540 541 542 543 544 545 546
Ranges: 
-136.701	50.6927
-0.064537	360.237
-0.0773926	169.244
-163.943	116.102
3.44307	541.483
-74.8953	278.427
-263.29	282.288
3.44307	728.003
-78.8313	406.173
-275.247	127.699
3.44307	605.791
-170.673	321.817
-424.206	378.709
-155.928	566.991
-246.376	348.199
-549.483	438.921
-317.339	856.578
-347.345	491.817
-220.562	198.327
3.44307	602.425
-81.5369	371.889
-341.297	495.944
-151.461	596.73
-204.494	654.682
-375.668	768.11
-457.13	748.369
-422.523	768.707
-219.557	129.024
-206.489	217.645
-91.3765	260.834
-239.702	167.895
-623.758	3.44307
-314.519	260.83
-319.464	467.437
-1043.43	3.44307
-410.261	260.904
-249.691	264.51
-206.312	188.888
-96.2551	213.852
-119.079	339.715
-656.63	3.44307
-224.551	195.291
-320.102	383.62
-1036.04	3.44307
-477.809	224.295
ModelType: C_SVC
KernelType: LINEAR
Degree: 3
Gamma: 0.0222222
Coef0: 0
NumberOfFeatures: 45
UseShrinking: 1
UseProbability: 1
NumberOfSupportVectors: 111
RHO: 
0.0818468	-0.103651	0.150278	0.0874902	0.0892356	0.109988	-0.0170421	0.0572095	0.0869329	-0.182466	-0.114344	-0.0522204	-0.127568	0.0338365	-0.0759924	-0.140615	-0.148871	-0.158716	0.103507	-0.0161283	-0.241436	0.0761733	0.154648	0.0271434	-0.272214	-0.273098	-0.0821274	0.0422694	0.0602366	-0.0665465	0.131776	0.104313	0.130965	0.00682106	-0.308956	-0.00863716	0.0769603	-0.176937	-0.0394459	-0.240429	-0.00696863	-0.145243	-0.131311	-0.160402	-0.422746	-0.26005	0.0320852	-0.360895	-0.518854	-0.0248695	0.108619	-0.101808	-0.262462	-0.244834	-0.00129152	-0.0424477	0.00337855	0.356671	0.333252	0.859159	0.275591	0.0168806	0.237833	0.266337	-0.142742	-0.0701696	-0.00194785	-0.0786921	0.0566464	-0.00437049	-0.0893491	-0.0339945	-0.121547	0.259295	0.00368641	-0.179838	0.218445	0.333148	0.189459	-0.104358	-0.208269	-0.0294918	0.126117	0.335891	-0.0832769	0.202894	-0.20794	-0.261754	-0.270372	-0.413352	-0.416889	-0.357696	-0.422425	-0.391284	-0.511433	-0.468197	-0.378149	-0.293634	-0.795181	-0.287255	-0.408362	-0.515317	-0.260143	0.0450721	-0.205589	-0.549528	-0.363815	-0.26803	-0.497111	-0.382358	-0.112662	-0.127617	-0.258627	-0.184618	-0.415105	-0.423282	-0.314704	-0.426355	-0.286359	-0.200363	-0.388467	-0.338591	-0.25156	-0.496161	-0.0609594	-0.293506	-0.45251	-0.0983545	0.112633	-0.259296	-0.371112	-0.348056	-0.241096	-0.189763	-0.217428	-0.164845	-0.219182	-0.402853	-0.158698	-0.429601	-0.357528	-0.308358	-0.35161	-0.304459	-0.330876	-0.377333	-0.271698	-0.451844	-0.25885	-0.350444	-0.435882	-0.283092	-0.0937909	-0.370002	-0.42291	-0.500526	-0.298777	-0.240525	-0.310101	-0.186522	-0.0502228	-0.128258	-0.405875	-0.284626	-0.249724	-0.340874	-0.193398	-0.315816	-0.333423	-0.250839	-0.439123	0.043609	-0.254135	-0.489611	-0.0302424	0.195414	-0.149308	-0.489775	-0.396168	-0.230934	-0.122116	-0.204946	0.133301	0.167694	-0.192332	-0.0388887	-0.034938	-0.0642392	0.0949251	-0.103964	-0.0978775	-0.197685	-0.217029	0.188127	-0.0850231	-0.331983	0.167123	0.306976	0.0541828	-0.0978257	-0.156726	0.0083634	0.199993	0.105697	0.0800125	-0.412346	-0.315583	-0.184566	-0.35872	-0.192653	-0.199668	-0.377403	-0.209091	-0.286736	0.0191105	-0.198605	-0.405466	-0.0329906	0.158107	-0.104593	-0.62756	-0.553766	-0.249706	-0.0614856	0.00737229	-0.324504	-0.226762	-0.333607	-0.237541	-0.0570759	-0.408533	-0.244674	-0.221953	-0.612091	0.11241	-0.202779	-0.402673	0.0313401	0.306018	-0.114993	-0.393643	-0.283524	-0.153852	-0.126061	-0.226567	0.952595	0.233494	0.365808	0.303436	0.185568	0.372781	0.0801023	0.080661	0.53878	0.22964	-0.0825873	0.501126	0.751544	0.409499	0.109636	-0.125692	0.82242	0.345481	0.299336	0.130489	-0.0134847	0.259962	0.0899405	-0.122656	-0.0293162	-0.0182528	0.489171	0.116437	-0.325802	0.438886	0.655659	0.230337	0.0411454	-0.306781	1.03679	0.243953	0.192783	-0.131938	-0.0830833	0.0137034	-0.130085	-0.167953	-0.648919	0.272368	0.0163021	-0.415585	0.27335	0.419313	0.073434	-0.0683051	-0.176515	-0.0692615	0.399022	0.132721	0.249766	0.103704	-0.0887545	-0.0199685	-0.013803	0.528485	0.165244	-0.241392	0.410153	0.576673	0.222901	0.0506026	-0.2861	0.386566	0.261213	0.215142	-0.0756493	-0.224917	-0.174364	-0.560935	0.510452	-0.171096	-0.599347	0.257379	0.4631	-0.0122978	-0.170494	-0.250148	-0.178415	0.00370247	0.0537109	-0.114312	-0.17089	-0.494517	0.254576	0.0245445	-0.26879	0.229851	0.370775	0.117253	-0.0837533	-0.156773	-0.0419992	0.475554	0.248547	0.00214504	0.00285782	0.499927	0.201545	-0.185897	0.448657	0.679858	0.31534	0.0746424	-0.2267	0.599808	0.248546	0.247847	0.00225973	0.24265	0.148694	-0.19192	0.211444	0.313574	0.150895	0.0428441	-0.102482	0.098668	0.274678	0.194911	0.46735	0.23408	-0.154668	0.526932	0.646334	0.223488	0.0459059	-0.0907106	0.0551372	1.03784	0.382405	-0.316352	-0.495868	-0.142829	0.411535	-0.176786	-0.449933	-0.426616	-0.344048	-0.168112	-0.170193	-0.257187	0.321321	0.604408	0.110204	-0.0854844	-0.172403	-0.070049	0.257	0.189338	0.47297	0.610401	0.272688	0.15969	-0.00617548	0.36796	0.495772	0.310931	1.22516	-0.155985	-0.296452	-0.333562	-0.320936	-0.124881	-0.0924314	-0.420415	-0.401429	-0.435539	-0.510495	-0.437804	-0.357298	-0.231916	-0.386812	-0.155269	0.0335945	0.0921632	-0.194099	0.0385837	0.207143	0.426252	0.514204	0.243792	0.297786	0.170242	0.13547	0.00650293	
Label: 
517	518	519	520	521	522	523	524	525	526	527	528	529	530	531	532	533	534	535	536	537	538	539	540	541	542	543	544	545	546	
ProbA: 
-1.79225	-1.84962	-1.78921	-1.63366	-1.88084	-1.75446	-1.82788	-1.76841	-1.55248	-1.88895	-1.88467	-1.89541	-1.85494	-1.76117	-1.84582	-1.83291	-1.81165	-1.72199	-1.73905	-1.93973	-1.82842	-1.62144	-1.7338	-1.71548	-1.53634	-1.72495	-1.80422	-1.59765	-1.87487	-1.65605	-1.73255	-1.58581	-1.70385	-1.63354	-1.69674	-1.70807	-1.53641	-1.96114	-1.74607	-1.7233	-1.70687	-1.72058	-1.75131	-1.68417	-2.03628	-1.74834	-1.63308	-1.81735	-1.66213	-1.52707	-1.62527	-1.63291	-1.51535	-1.59466	-1.7001	-1.53568	-1.79799	-1.60192	-1.33001	-1.587	-1.5157	-1.65113	-1.40329	-1.36634	-1.78787	-1.81572	-1.7523	-1.71921	-1.67286	-1.72892	-1.72046	-1.68734	-1.65243	-1.58143	-1.83251	-1.72333	-1.52855	-1.62845	-1.50409	-1.23536	-1.60028	-1.70346	-1.53716	-1.43697	-1.65867	-1.8527	-1.63366	-1.6536	-1.74873	-1.53976	-1.84163	-1.83998	-1.77175	-1.77291	-1.72184	-1.78365	-1.77144	-1.77432	-1.68689	-1.66126	-1.83252	-1.75527	-1.58185	-1.66985	-1.69217	-1.5704	-1.67878	-1.77869	-1.56539	-1.81938	-1.78383	-1.60505	-1.5829	-1.65893	-1.54445	-1.74242	-1.71656	-1.65563	-1.65334	-1.6481	-1.70417	-1.67588	-1.67541	-1.56614	-1.61073	-1.72955	-1.65458	-1.4445	-1.54551	-1.62947	-1.4682	-1.5721	-1.6776	-1.427	-1.73328	-1.76947	-1.78837	-1.90749	-1.71238	-1.91089	-1.87389	-1.83545	-1.80194	-1.77228	-1.88532	-1.83943	-1.82632	-1.71168	-1.76683	-1.87306	-1.85361	-1.63419	-1.77678	-1.76053	-1.64356	-1.72706	-1.84603	-1.63733	-1.91532	-1.60007	-1.70024	-1.4903	-1.74917	-1.76361	-1.68002	-1.68416	-1.62961	-1.67821	-1.68582	-1.68845	-1.57787	-1.57811	-1.75737	-1.67493	-1.4849	-1.59088	-1.59772	-1.48505	-1.59529	-1.69476	-1.47397	-1.75167	-1.72182	-1.45061	-1.84121	-1.84332	-1.734	-1.77106	-1.73625	-1.55402	-1.77593	-1.78624	-1.58793	-1.64437	-1.74671	-1.76794	-1.52983	-1.64147	-1.65291	-1.54318	-1.67988	-1.78174	-1.44213	-1.73262	-1.56314	-1.79242	-1.80426	-1.75674	-1.73879	-1.66394	-1.7815	-1.73026	-1.77677	-1.68635	-1.66618	-1.84956	-1.74229	-1.58128	-1.68065	-1.68805	-1.54659	-1.6571	-1.73912	-1.58682	-1.78384	-1.66046	-1.6571	-1.57671	-1.58344	-1.56891	-1.58044	-1.58367	-1.57779	-1.48742	-1.4837	-1.65299	-1.58181	-1.37954	-1.47734	-1.4901	-1.37705	-1.48236	-1.59388	-1.37061	-1.64406	-1.9365	-1.82599	-1.83522	-1.77106	-1.85637	-1.8556	-1.86301	-1.77738	-1.74753	-1.93485	-1.81591	-1.66083	-1.7492	-1.76962	-1.64272	-1.71381	-1.87384	-1.65836	-1.91835	-1.83449	-1.83329	-1.78819	-1.83615	-1.8492	-1.8611	-1.77108	-1.75561	-1.92666	-1.82904	-1.65676	-1.76795	-1.76646	-1.64886	-1.74002	-1.89517	-1.65508	-1.92612	-1.75301	-1.54977	-1.76858	-1.76643	-1.75925	-1.62483	-1.68903	-1.85342	-1.74868	-1.58345	-1.67459	-1.68765	-1.58664	-1.66871	-1.75475	-1.58262	-1.85812	-1.69392	-1.76349	-1.79302	-1.7816	-1.69406	-1.68385	-1.84342	-1.74765	-1.57925	-1.69581	-1.69501	-1.57549	-1.67172	-1.77557	-1.58043	-1.85015	-1.77853	-1.68338	-1.76488	-1.6448	-1.56983	-1.82581	-1.72546	-1.53881	-1.66554	-1.62861	-1.4999	-1.58311	-1.72329	-1.55857	-1.78481	-1.77068	-1.75357	-1.67551	-1.68855	-1.84591	-1.76723	-1.57844	-1.68111	-1.69722	-1.57791	-1.68331	-1.76961	-1.58321	-1.85605	-1.78038	-1.6982	-1.67922	-1.84898	-1.76295	-1.58322	-1.68894	-1.69312	-1.58713	-1.696	-1.80065	-1.59036	-1.84631	-1.67751	-1.68987	-1.84995	-1.75964	-1.57992	-1.68871	-1.6913	-1.57455	-1.68598	-1.78073	-1.57646	-1.84801	-1.59796	-1.76741	-1.67924	-1.49038	-1.58258	-1.5994	-1.49008	-1.59956	-1.69971	-1.491	-1.76254	-1.76963	-1.68052	-1.49316	-1.60714	-1.60578	-1.49418	-1.5828	-1.69805	-1.48939	-1.74218	-1.84254	-1.65485	-1.76913	-1.76308	-1.66163	-1.75469	-1.84837	-1.64584	-1.91241	-1.56811	-1.67469	-1.68994	-1.57382	-1.68362	-1.72696	-1.57449	-1.85065	-1.5231	-1.48257	-1.38205	-1.4739	-1.58824	-1.37864	-1.63987	-1.5644	-1.49237	-1.57643	-1.69513	-1.45535	-1.71624	-1.49078	-1.60539	-1.70158	-1.49593	-1.75106	-1.48177	-1.55109	-1.38431	-1.65259	-1.63014	-1.48007	-1.75424	-1.58706	-1.84645	-1.64799	
ProbB: 
-0.142534	-0.164542	-0.0104167	-0.0917903	0.104072	-0.157838	-0.112081	0.000967354	-0.178982	0.0413247	0.0528201	-0.148789	-0.0647953	-0.0496127	-0.06113	-0.051813	-0.0593381	-0.122298	-0.131497	-0.0102173	-0.0508598	-0.239664	-0.155398	-0.120495	-0.372156	-0.141072	-0.0880571	-0.213317	0.0533925	0.0300137	0.0201387	-0.0860447	0.0438271	-0.0358738	0.0417739	0.0398955	-0.151417	-0.490342	0.140339	0.0181431	0.0754796	0.0998516	0.00610205	0.0805831	-0.511931	-0.164685	-0.0426899	0.107624	0.0568807	-0.149028	-0.0623829	-0.0263782	-0.13619	0.0172272	0.0954534	-0.168573	0.114196	0.0534166	0.0255753	0.0835667	-0.0481735	-0.0291274	0.147093	-0.153461	0.138434	0.120044	0.0155885	0.0653446	-0.0615835	0.0271464	0.055862	0.0795329	-0.0707361	-0.0613665	0.0759122	0.0461618	-0.197562	-0.114214	-0.0295707	-0.0582737	-0.0333944	0.0550409	-0.177967	0.243903	-0.0778995	0.115151	-0.133078	-0.086274	0.0364506	-0.165444	0.0820329	0.0955882	0.017809	0.0198743	-0.00215397	0.00638845	0.0129395	-0.00456113	-0.086734	-0.0955386	0.0884443	0.00725604	-0.196094	-0.0908599	-0.0873955	-0.197311	-0.0969899	0.0171574	-0.184962	0.0920612	0.140992	-0.00630046	0.0575247	0.087415	-0.161897	0.201	0.205643	0.118563	0.131763	0.190319	0.0814786	0.108293	0.096102	0.0275424	-0.0453647	0.188678	0.125915	-0.0752157	0.0238324	-0.0306476	-0.0969641	0.00869988	0.123596	-0.0695821	0.179743	-0.166068	-0.134524	-0.141945	-0.35248	0.0128952	0.0479404	-0.0610816	-0.0208755	-0.101677	-0.106832	-0.0575744	-0.0571916	-0.112907	-0.195467	0.0445062	-0.083206	-0.260805	-0.164502	-0.169803	-0.314758	-0.153911	-0.0506107	-0.257269	-0.013914	0.0203325	0.0915968	-0.117264	0.174104	0.168164	0.0983577	0.0999999	0.0647349	0.111244	0.0985101	0.083575	0.0196229	0.00520254	0.165002	0.0926524	-0.100651	-0.00365963	-0.00545906	-0.109531	-0.0122856	0.104631	-0.0927134	0.178376	0.0371225	-0.105472	0.0829868	0.0822701	0.0355525	0.00611105	0.0922928	0.144471	-0.00516124	-0.0082707	-0.0189468	-0.0472696	0.135117	-0.00991069	-0.154885	-0.0504811	-0.0555289	-0.169517	-0.0998241	0.00821216	-0.101383	0.174398	-0.174261	0.114916	0.117434	0.0065215	0.0469127	-0.0529354	-0.00119166	0.0496578	-0.000187458	-0.0850209	-0.0746162	0.0794868	0.0251323	-0.199981	-0.0721623	-0.103535	-0.18575	-0.0641894	0.0237115	-0.203638	0.137533	0.278604	0.27963	0.197543	0.205105	0.256922	0.200627	0.205161	0.19003	0.105465	0.105858	0.268883	0.199026	0.00412459	0.10481	0.110974	-0.00475659	0.101668	0.201786	-0.00406136	0.261142	-0.0480696	-0.100561	-0.0610021	-0.162492	-0.0813497	-0.0702408	-0.0746876	-0.169263	-0.145133	-0.00955157	-0.0556047	-0.282899	-0.182141	-0.169935	-0.276031	-0.178259	-0.0459728	-0.280744	-0.00718865	-0.0931816	-0.053861	-0.152556	-0.0925283	-0.0759776	-0.0748064	-0.16144	-0.17284	-0.00712109	-0.108987	-0.278769	-0.168642	-0.169343	-0.280881	-0.179798	-0.035794	-0.279813	-0.0209294	0.0154605	0.297639	-0.0174578	0.0163736	-0.000664761	-0.119956	-0.0869464	0.082767	0.00691668	-0.193872	-0.0949889	-0.0860276	-0.205173	-0.0783661	0.0240738	-0.204578	0.0652943	-0.0792689	-0.0218881	-0.00226537	0.00255922	-0.0880326	-0.107364	0.0655889	-0.0166869	-0.202405	-0.0852369	-0.0977597	-0.210779	-0.112525	-0.00912019	-0.205005	0.0583278	-0.165607	0.0999408	-0.0258821	-0.307935	0.0167589	0.073693	-0.00420998	-0.207787	-0.0781103	-0.035326	-0.124022	0.00155006	0.0737303	-0.367648	0.130115	0.0149108	0.00396388	-0.0896007	-0.0890189	0.0752181	0.00297111	-0.193393	-0.095908	-0.0902865	-0.196221	-0.0922063	0.024177	-0.202468	0.0711088	0.00131857	-0.0908272	-0.0971365	0.0626938	-0.0202115	-0.204704	-0.0978942	-0.0932064	-0.195987	-0.0816936	0.0235563	-0.196035	0.0627111	-0.0877591	-0.0877097	0.0793744	-0.00862259	-0.19577	-0.0853732	-0.0820186	-0.20187	-0.101735	-0.00553968	-0.192384	0.0859951	-0.00407136	0.163258	0.0844579	-0.107514	-0.0207666	-0.00214568	-0.11691	-0.00877475	0.0916405	-0.106801	0.161823	0.162331	0.0727937	-0.111987	0.00783979	0.00334368	-0.111669	-0.0123972	0.0975735	-0.105469	0.148994	-0.0936162	-0.269741	-0.15414	-0.165535	-0.270758	-0.180432	-0.0679493	-0.271067	-0.00443353	-0.190051	-0.0787508	-0.0867519	-0.194461	-0.0899175	-1.65992e-05	-0.19423	0.0774785	0.125011	0.103896	-0.000922941	0.0930459	0.212472	-0.00514907	0.258525	0.0237445	-0.106466	-0.0146816	0.101523	-0.0851342	0.163585	-0.110902	0.00202028	0.104324	-0.109956	0.156579	0.115585	0.158941	0.000168263	0.28468	0.0871497	-0.0973403	0.173044	-0.21217	0.063347	0.266427	
NumSupportVectorsPerClass: 
5	4	2	5	4	5	4	5	2	2	4	6	3	2	4	4	5	4	3	4	4	3	3	4	4	3	2	4	3	4	
SupportVectors: 
0	0.0265431	0	0	0.01754	0.0150342	0.00487707	0	0	0	0	0	0	0	0.0028514	0	0	0	0	0.0419657	0	0	0	0	0	0	0	0	0.00430816	1	0.495717	2	0.33319	3	0.639548	4	0.0761574	5	0.583267	6	0.514798	7	-0.123025	8	0.705976	9	0.405057	10	0.75032	11	0.557028	12	-0.0227358	13	0.798895	14	0.986168	15	-0.359547	16	0.742036	17	0.980904	18	-0.0799212	19	-0.443033	20	0.278584	21	0.751045	22	-0.656719	23	0.499994	24	1	25	-0.712312	26	0.891546	27	1	28	0.689154	29	0.33585	30	-0.420479	31	0.252937	32	-0.0189936	33	-0.299241	34	-0.169932	35	-0.313235	36	-0.49408	37	-0.163246	38	0.170081	39	0.645022	40	-0.902191	41	-0.13545	42	0.296365	43	-0.510567	44	-0.447618	45	0.267952	
0	0	0	0	0	0	0.0372191	0	0	0	0	0	0	0	0	0	0	0	0	0.000704245	0	0	0	0	0	0	0	0	0	1	0.616473	2	0.137451	3	0.440197	4	0.228036	5	0.474929	6	0.271638	7	-0.026499	8	0.648918	9	0.0900342	10	0.949801	11	0.383535	12	-0.156999	13	0.991263	14	0.815255	15	-0.256318	16	0.984679	17	0.860547	18	0.0112122	19	-0.431847	20	0.258422	21	0.517921	22	-0.81369	23	0.542264	24	0.796489	25	-0.896731	26	0.874844	27	0.898792	28	0.762527	29	0.0749771	30	-0.334356	31	0.217875	32	-0.159982	33	-0.321469	34	-0.209428	35	-0.395837	36	-0.519558	37	-0.202388	38	0.0312268	39	0.665905	40	-1	41	-0.192562	42	0.214104	43	-0.573021	44	-0.492056	45	0.284756	
0.0205854	0	0	0	0	0	0	0	0	0	0	0	0.0052251	0	0	0	0.113903	0	0	0	0	0	0	0	0	0	0	0	0	1	0.693111	2	0.128537	3	0.368536	4	0.257721	5	0.471364	6	0.205018	7	-0.0317876	8	0.650992	9	0.0143916	10	1	11	0.373671	12	-0.181455	13	1	14	0.795301	15	-0.286468	16	1	17	0.851361	18	-0.0170561	19	-0.440445	20	0.261937	21	0.440659	22	-0.84598	23	0.457112	24	0.7467	25	-0.86646	26	0.834244	27	0.886759	28	0.841716	29	0.0586308	30	-0.316738	31	0.231793	32	-0.158016	33	-0.326415	34	-0.200204	35	-0.394222	36	-0.526001	37	-0.176686	38	0.0259691	39	0.641194	40	-0.969583	41	-0.196792	42	0.198753	43	-0.556771	44	-0.497045	45	0.304574	
0.0673582	0.139309	0.112086	0	0	0	0	0	0.103911	0	0	0	0	0	0.0960097	0	0.0182174	0.0737598	0	0.0348242	0	0.0859067	0	0.119209	0.179515	0	0	0.0897955	0.144774	1	0.53429	2	0.299156	3	0.563288	4	0.0714483	5	0.567511	6	0.42717	7	-0.1408	8	0.697596	9	0.31791	10	0.791809	11	0.527906	12	-0.0626657	13	0.751412	14	0.924433	15	-0.497832	16	0.731373	17	0.936693	18	-0.216524	19	-0.48924	20	0.279564	21	0.65785	22	-0.463515	23	-0.280505	24	0.1597	25	-0.430238	26	-0.478109	27	0.222501	28	0.765755	29	0.285155	30	-0.386686	31	0.205998	32	-0.0530631	33	-0.231346	34	-0.181138	35	-0.337299	36	-0.420078	37	-0.153816	38	0.143274	39	0.639763	40	-0.903428	41	-0.156772	42	0.330698	43	-0.533349	44	-0.466481	45	0.349653	
0	0	0	0.130005	0.123515	0.100915	0.0464972	0.132542	0.0127717	0.0515787	0.0573228	0.0782575	0.0521374	0.0789394	0	0.0607506	0	0	0.0978502	0	0.0522818	0	0.0941768	0	0	0.0587861	0.0724393	0	0	1	0.519863	2	0.2702	3	0.594862	4	0.0649516	5	0.552476	6	0.413863	7	-0.150298	8	0.68998	9	0.278902	10	0.77475	11	0.504013	12	-0.0847444	13	0.744588	14	0.90197	15	-0.495137	16	0.722914	17	0.930164	18	-0.231619	19	-0.481516	20	0.276581	21	0.661092	22	-0.454626	23	-0.282939	24	0.16237	25	-0.470906	26	-0.489023	27	0.2151	28	0.746701	29	0.24606	30	-0.353545	31	0.207484	32	-0.0781697	33	-0.22551	34	-0.178974	35	-0.350342	36	-0.424583	37	-0.154853	38	0.120574	39	0.701405	40	-0.894612	41	-0.172925	42	0.385278	43	-0.529725	44	-0.472716	45	0.348888	
-0	0	0	0.01077	0	0	0.0603448	0	0.0229158	0.171705	0.25702	0.0284963	0.533318	0.0374999	0.013261	0.213026	0	0.00866282	0.0989362	0.0887535	0.0678606	0.0731161	0.0986011	0.0428914	0	0	0.184274	0.0640256	0.00572349	1	0.459082	2	-1	3	-1	4	0.228699	5	-0.246048	6	-0.511923	7	0.29977	8	0.273867	9	-0.0449627	10	-0.137306	11	-0.32785	12	0.0836553	13	-0.391814	14	-0.498632	15	0.761967	16	-0.665491	17	-0.689395	18	0.913978	19	0.614771	20	-0.32144	21	-0.964612	22	0.602781	23	-0.375592	24	-0.784752	25	0.264174	26	0.0126289	27	-0.13398	28	0.0715688	29	-1	30	-0.437653	31	-0.346433	32	-0.747938	33	-0.39936	34	-0.989621	35	-0.637198	36	-0.536598	37	0.0358595	38	-1	39	-0.576713	40	-0.260823	41	-1	42	-0.441522	43	-0.115178	44	-0.992155	45	0.134227	
-0.0202116	0.012422	0.0648705	0	0.034864	0.032223	0	0.0479529	0	0	0	0	0	0	0	0	0.068916	0	0	0	0	0	0	0	0.0317107	0.100404	0	0	0.0255769	1	0.458926	2	-0.999506	3	-0.999106	4	0.239902	5	-0.264593	6	-0.55539	7	0.304533	8	0.29385	9	-0.0563814	10	-0.109366	11	-0.331402	12	0.053868	13	-0.380585	14	-0.448904	15	0.778527	16	-0.653795	17	-0.660335	18	0.951626	19	0.602873	20	-0.351186	21	-1	22	0.589084	23	-0.379888	24	-0.807418	25	0.259739	26	0.00951823	27	-0.125171	28	0.0678107	29	-0.971469	30	-0.39287	31	-0.31492	32	-0.709011	33	-0.433832	34	-0.980115	35	-0.619254	36	-0.598858	37	0.0259782	38	-0.97832	39	-0.526574	40	-0.295287	41	-0.983089	42	-0.355844	43	-0.101669	44	-1	45	0.205449	
-0.0436348	0	0	0.0932037	0.0653194	0.113935	0.113551	0.114756	0.0304571	0	0.0179217	0.102266	0	0.0880112	0.070885	0.0204119	0.0028271	0	0	0	0.0376059	0.0135199	0.0167272	0.0286237	0.0320814	0.000322875	0.0321768	0	0	1	0.796834	2	0.188931	3	-0.206593	4	0.437388	5	0.512268	6	-0.122385	7	0.260666	8	0.801915	9	0.234361	10	-0.175589	11	0.352283	12	0.249826	13	-0.485439	14	0.022179	15	0.822482	16	-0.607924	17	-0.373117	18	0.945413	19	0.930631	20	0.356929	21	-0.538021	22	1	23	0.357629	24	-0.249773	25	0.656576	26	0.479835	27	0.187477	28	-0.000323271	29	0.0594599	30	-0.0168266	31	0.791747	32	-0.176201	33	0.392941	34	0.354963	35	-0.395163	36	0.316793	37	0.34964	38	0.133947	39	-0.209486	40	-0.752657	41	0.00700595	42	-0.352808	43	-0.744506	44	-0.216416	45	-0.0962252	
-0.0240972	0.064306	0.135691	0.0356424	0.0376823	0.00955863	0	0	0.098437	0	0	0.0541904	0.0170795	0.0479962	0.122239	0	0.0601628	0.20354	0.0915583	0.126298	0	0.0881536	0.0967693	0.0523257	0.0386787	0	0	0.155828	0.0963462	1	0.599949	2	0.655842	3	-0.172917	4	0.442084	5	0.75216	6	0.249049	7	0.288153	8	0.791073	9	0.4195	10	-0.0270464	11	0.477383	12	0.69039	13	-0.342925	14	0.00223804	15	1	16	-0.463442	17	-0.447426	18	1	19	0.794021	20	0.662096	21	-0.437677	22	0.942613	23	0.355625	24	-0.335283	25	0.700095	26	0.490742	27	0.204762	28	-0.18726	29	0.476899	30	-0.193668	31	0.770474	32	0.0980405	33	0.434549	34	0.260227	35	-0.265845	36	0.214295	37	0.184243	38	0.735471	39	-0.78148	40	-0.902274	41	0.223336	42	-0.559623	43	-1	44	-0.104393	45	-0.164265	
-0.037443	-0	0	0	0	0	0.0117142	0	0	0.0224616	0.0246089	0	0.0176929	0.0141392	0	0.0105814	0.0615558	0.00359862	0	0.00979274	0.0162847	0.00126276	0.00220892	0	0	0.0278272	0.0281533	0.0041539	0	1	-0.786258	2	0.752842	3	-0.316917	4	-0.402662	5	0.831205	6	0.167027	7	-0.152192	8	0.843949	9	0.233885	10	0.597316	11	0.681388	12	-0.165774	13	0.314837	14	0.14035	15	-0.615926	16	0.807142	17	0.0976786	18	-0.0737254	19	-0.936072	20	0.59895	21	0.364421	22	-0.973971	23	0.0329474	24	0.363104	25	-0.844564	26	-0.347974	27	0.361289	28	-0.180765	29	0.650944	30	-0.900166	31	-0.0778488	32	0.111161	33	-0.211252	34	-0.434897	35	-0.302215	36	-0.0474149	37	-0.920764	38	0.687189	39	-0.106655	40	1	41	0.921309	42	0.654861	43	0.544338	44	0.152187	45	0.307195	
-0.12841	-0.076728	0.159656	0.206313	0.396256	0.145242	0.0529181	0.173104	0.164928	0.0275653	0.0296032	0.0783397	0.0333583	0.0815228	0.0886377	0.0440477	0.000945842	0.0858046	0.129641	0.0750074	0.0273129	0.124422	0.131191	0.169	0.139635	0.0273481	0.0364749	0.0931442	0.269062	1	-0.579678	2	1	3	0.348269	4	-0.278805	5	1	6	0.479495	7	-0.0978036	8	0.97833	9	0.426016	10	-0.1776	11	1	12	-0.113558	13	0.143633	14	0.439262	15	-0.70389	16	0.705504	17	0.247836	18	-0.173545	19	-0.025043	20	0.58179	21	0.794674	22	-0.223799	23	-0.0551208	24	0.23335	25	-0.371707	26	-0.362945	27	0.255599	28	-0.656474	29	1	30	-0.718503	31	-0.103267	32	0.389091	33	-0.169262	34	-0.514452	35	-0.126869	36	-0.0781829	37	-0.432045	38	0.754304	39	0.427788	40	0.616061	41	0.451584	42	0.754133	43	0.318441	44	-0.0525588	45	0.380293	
-0	-0.200561	-0	0	0	0	0.140016	0	0	0.0842113	0.103158	0.200768	0.110246	0.381582	0	0.0985626	0	0	0.809011	0.192398	0.0843991	0.433326	0.548262	0	0	0.04089	0.10209	0	0	1	0.305524	2	0.549736	3	0.394928	4	-0.113608	5	0.722723	6	0.419838	7	-0.297214	8	0.835919	9	0.27384	10	-0.535646	11	0.410219	12	0.664268	13	-0.641347	14	-0.0341335	15	0.638503	16	-0.293681	17	-0.227507	18	-0.210704	19	0.540258	20	0.676754	21	-0.143137	22	0.540402	23	0.0432402	24	-0.380998	25	-0.0285032	26	-0.181189	27	-0.522966	28	-0.166199	29	0.294667	30	0.0759926	31	-0.526334	32	0.0336843	33	-0.229309	34	-0.459442	35	-0.342897	36	-0.220765	37	0.346051	38	0.62425	39	-0.236731	40	-0.0405534	41	0.0650686	42	0.119858	43	0.444132	44	-0.330148	45	0.679934	
-0	-0	-0	0	0.346331	0.423607	0	0.438428	0	0	0	0	0	0	0	0	0	0	0	0	0	0	0	0.188472	0.185552	0.0211142	0	0	0	1	0.344079	2	0.590019	3	0.446481	4	-0.0581847	5	0.750387	6	0.450989	7	-0.255396	8	0.865038	9	0.300801	10	-0.537545	11	0.459608	12	0.614633	13	-0.653624	14	-0.0816294	15	0.609998	16	-0.313472	17	-0.249547	18	-0.234459	19	0.61619	20	0.676786	21	-0.0406777	22	0.524172	23	0.035642	24	-0.369508	25	-0.0314438	26	-0.174315	27	-0.528792	28	-0.196672	29	0.34921	30	0.0335763	31	-0.520592	32	0.0570854	33	-0.233753	34	-0.464706	35	-0.330225	36	-0.215406	37	0.362544	38	0.637294	39	-0.146946	40	-0.0486036	41	0.0744844	42	0.123026	43	0.440338	44	-0.324569	45	0.677954	
-0	-0	-0	0	0	0	0	0	0	0	0	0	0	0	0	0	0	0.230052	0	0	0	0	0	0	0	0	0	0	0	1	0.326221	2	0.611192	3	0.451346	4	-0.0829855	5	0.763162	6	0.45657	7	-0.274577	8	0.863467	9	0.307114	10	-0.548279	11	0.462769	12	0.631469	13	-0.634635	14	0.0118617	15	0.666737	16	-0.348333	17	-0.239891	18	-0.193531	19	0.593355	20	0.696557	21	-0.0502673	22	0.523439	23	0.0599913	24	-0.361051	25	-0.0272435	26	-0.169875	27	-0.514625	28	-0.192098	29	0.361819	30	0.0436453	31	-0.517225	32	0.0622709	33	-0.220308	34	-0.458761	35	-0.325538	36	-0.218749	37	0.360424	38	0.666192	39	-0.160474	40	-0.0547329	41	0.0931221	42	0.0829859	43	0.441181	44	-0.309053	45	0.670376	
-0.111911	-0	-0.159656	0.388265	0	0.219423	0	0	0.702679	0	0	0	0	0	0	0	0	0	0	0	0	0	0	0	0	0	0	0	0.455971	1	0.344423	2	0.604989	3	0.461889	4	-0.0758457	5	0.760858	6	0.450935	7	-0.2664	8	0.862328	9	0.294825	10	-0.525965	11	0.454068	12	0.66001	13	-0.644938	14	-0.0510311	15	0.532404	16	-0.287801	17	-0.253619	18	-0.274818	19	0.581436	20	0.701169	21	-0.090048	22	0.517822	23	0.0624341	24	-0.345243	25	-0.0169716	26	-0.167843	27	-0.51417	28	-0.166515	29	0.348465	30	0.0869516	31	-0.504557	32	0.0689154	33	-0.225424	34	-0.459871	35	-0.31983	36	-0.2454	37	0.361838	38	0.664175	39	-0.173794	40	-0.0495605	41	0.0924426	42	0.0618888	43	0.451842	44	-0.304575	45	0.677036	
-0.000174636	-0	-0	0	0	0	0	0	0	0	0	0	0	0	0.207816	0	0.0811533	0	0	0	0	0	0	0	0	0	0	0.522102	0	1	0.352688	2	0.585754	3	0.434378	4	-0.0868963	5	0.752873	6	0.406106	7	-0.279754	8	0.864027	9	0.235815	10	-0.508318	11	0.439876	12	0.671669	13	-0.639839	14	-0.0639432	15	0.597478	16	-0.251815	17	-0.209746	18	-0.232526	19	0.549686	20	0.701094	21	-0.172576	22	0.515407	23	0.0589804	24	-0.36512	25	-0.0353224	26	-0.161497	27	-0.524111	28	-0.130792	29	0.319959	30	0.142173	31	-0.496553	32	0.0610455	33	-0.209663	34	-0.452143	35	-0.325626	36	-0.219352	37	0.361706	38	0.646364	39	-0.194445	40	-0.0402116	41	0.0799349	42	0.0863888	43	0.453344	44	-0.315958	45	0.677954	
-0	-0	-0	-0	0	0	0	0	0	0	0	0	0	0	0	0	0	0	0	0	0	0	0	0	0.160637	0	0	0	0	1	0.149914	2	0.572087	3	0.986178	4	-0.147349	5	0.753267	6	0.639572	7	-0.246166	8	0.873951	9	0.415695	10	-0.580345	11	0.579278	12	0.300572	13	-0.693228	14	0.254147	15	-0.607064	16	-0.0290042	17	0.0635263	18	-0.822989	19	0.538142	20	0.561617	21	0.594338	22	0.398341	23	-0.166076	24	0.0399509	25	0.154484	26	-0.224549	27	-0.336509	28	-0.321168	29	0.414973	30	-0.0143091	31	-0.214529	32	-0.0430547	33	0.23092	34	-0.237971	35	-0.389651	36	0.410365	37	0.261018	38	0.493483	39	0.656436	40	0.00372051	41	0.271916	42	-0.416461	43	0.358806	44	-0.116827	45	-0.543743	
-0.130005	-0	-0.206313	-0	0.233861	0	0	0	0.131322	0	0	0	0	0	0	0	0	0	0	0	0	0	0	0.0691033	0	0	0	0	0.310952	1	0.128761	2	0.580068	3	1	4	-0.147135	5	0.760798	6	0.635669	7	-0.241701	8	0.879755	9	0.399174	10	-0.576749	11	0.590175	12	0.292164	13	-0.673954	14	0.213308	15	-0.606429	16	-0.0236975	17	0.0460602	18	-0.832607	19	0.534968	20	0.564188	21	0.597388	22	0.398828	23	-0.163293	24	0.030784	25	0.154682	26	-0.25569	27	-0.325782	28	-0.341677	29	0.422539	30	-0.00181679	31	-0.243313	32	-0.0390622	33	0.247926	34	-0.24052	35	-0.385846	36	0.417629	37	0.243853	38	0.49396	39	0.681328	40	-0.00635561	41	0.26269	42	-0.377915	43	0.347824	44	-0.12521	45	-0.515598	
-0	-0.139616	-0	-0.388265	0.128084	0.145435	0	0.285973	1	0	0	0	0	0	0.121227	0	0	0.151417	0.163108	0	0	0.320751	0.208759	0.236515	0	0	0	0.290035	0.108683	1	0.210533	2	0.566391	3	0.852897	4	-0.0575447	5	0.750563	6	0.579057	7	-0.177273	8	0.872298	9	0.367777	10	-0.535762	11	0.586998	12	0.293836	13	-0.760278	14	0.0470978	15	-0.287699	16	-0.215284	17	-0.376786	18	-0.700547	19	0.615331	20	0.548996	21	0.507344	22	0.420895	23	-0.190218	24	0.00464156	25	0.174966	26	-0.27384	27	-0.33709	28	-0.340537	29	0.41738	30	-0.0509125	31	-0.160399	32	-0.0366954	33	0.194387	34	-0.200788	35	-0.385013	36	0.37089	37	0.264697	38	0.477487	39	0.544814	40	0.0666467	41	0.246046	42	-0.455518	43	0.396463	44	-0.135721	45	-0.561984	
-0	-0	-0	-0	0.125013	0.19825	0.137524	0	0	0.084293	0.0928318	0.178303	0.0804448	0.198242	0.0539039	0.0905649	0.0681743	0	0.104871	0.138379	0.0748942	0.0163255	0.174644	0	0	0.0587885	0.0972022	0	0	1	0.00255667	2	0.425965	3	0.933129	4	-0.192109	5	0.670826	6	0.504861	7	-0.233164	8	0.827268	9	0.186225	10	-0.641221	11	0.494694	12	0.267027	13	-0.73429	14	0.017898	15	-0.302606	16	-0.164253	17	-0.0799538	18	-0.737641	19	0.536853	20	0.498571	21	0.420833	22	0.366489	23	-0.0738752	24	0.041928	25	0.148109	26	-0.218826	27	-0.281241	28	-0.464345	29	0.261944	30	0.122872	31	-0.237849	32	-0.118577	33	0.157418	34	-0.231752	35	-0.431373	36	0.374478	37	0.192025	38	0.349313	39	0.691734	40	0.00458227	41	0.250295	42	-0.493346	43	0.361519	44	-0.138363	45	-0.57056	
-0	-0.137866	-0	-0.287813	-0	0.138225	0.0761293	0.222436	0.0785577	0.0790423	0.0924619	0.12023	0.0858851	0.167762	0.0814981	0.085278	0.0658857	0.0813059	0.290224	0.132968	0.0594595	0.261776	0.297851	0.128932	0	0.0731056	0.0909823	0.158452	0.0918283	1	-0.21346	2	0.53144	3	0.282872	4	0.00640033	5	0.731267	6	0.123249	7	0.0721878	8	0.852639	9	-0.151026	10	-0.455216	11	0.660719	12	-0.064946	13	-0.355552	14	0.0634009	15	0.029155	16	-0.223013	17	-0.538933	18	-0.0301703	19	0.62335	20	0.440194	21	0.18668	22	0.177673	23	0.0840417	24	0.565046	25	-0.0858384	26	-0.24909	27	0.231092	28	-0.82629	29	0.460872	30	-0.170055	31	-0.198813	32	0.169297	33	-0.352743	34	-0.420266	35	-0.269329	36	-0.067244	37	-0.0937313	38	0.355897	39	0.473828	40	0.812181	41	0.05138	42	0.409474	43	0.338827	44	-0.297333	45	0.243784	
-0	-0	-0.166479	-0	-0	0	0	0	0	0	0	0	0	0	0	0	0	0.0327895	0	0	0	0	0	0	0	0	0	0	0	1	-0.429007	2	0.588516	3	0.425906	4	-0.0692828	5	0.761454	6	0.194086	7	0.0698255	8	0.863747	9	-0.117035	10	-0.516852	11	0.712361	12	0.0219679	13	-0.386484	14	0.10643	15	0.101146	16	-0.248139	17	-0.512435	18	0.0208397	19	0.581445	20	0.442494	21	0.202675	22	0.164757	23	0.0643982	24	0.535734	25	-0.0788188	26	-0.28239	27	0.253328	28	-1	29	0.539928	30	-0.0716728	31	-0.152242	32	0.269367	33	-0.290451	34	-0.397182	35	-0.20904	36	-0.00684299	37	-0.207748	38	0.397	39	0.513063	40	0.849368	41	0.101817	42	0.504113	43	0.385604	44	-0.274079	45	0.314602	
-0.141055	-0	-0	-0.0585176	-0.416628	0.208338	0.0192302	0.241432	0.22241	0	0	0	0	0	0.0365982	0	0	0	0	0	0	0	0	0	0	0	0	0.00480397	0.25004	1	0.0512339	2	0.604251	3	0.872449	4	0.0395927	5	0.791018	6	0.424798	7	0.00573839	8	0.908286	9	0.0942193	10	-0.223827	11	0.671609	12	-0.0870813	13	-0.753622	14	0.328129	15	-0.480359	16	-0.141958	17	-0.138077	18	-0.675855	19	0.445149	20	0.536587	21	0.680673	22	0.209114	23	0.0333826	24	0.473535	25	-0.082634	26	-0.259358	27	0.223033	28	-0.419946	29	0.471782	30	-0.104597	31	-0.138097	32	0.126829	33	-0.298263	34	-0.388518	35	-0.29499	36	-0.0221833	37	-0.0194935	38	0.447017	39	1	40	0.907235	41	0.0499051	42	0.385618	43	0.37886	44	-0.304566	45	0.295209	
-0	-0	-0.229778	-0	-0	0	0	0	0	0	0	0	0	0	0	0	0	0	0.0248529	0	0	0.00932409	0	0.127739	0.187251	0	0	0	0	1	0.0277832	2	0.620804	3	0.810264	4	0.0307131	5	0.800287	6	0.415983	7	0.000802503	8	0.916593	9	0.109129	10	-0.271313	11	0.689367	12	-0.0611765	13	-0.755799	14	0.335601	15	-0.460797	16	-0.154571	17	-0.137331	18	-0.67616	19	0.478954	20	0.535382	21	0.638798	22	0.222147	23	0.0049441	24	0.514816	25	-0.0412635	26	-0.354036	27	0.341035	28	-0.46666	29	0.496226	30	-0.128357	31	-0.168732	32	0.132177	33	-0.284019	34	-0.41122	35	-0.291542	36	-0.0123437	37	-0.0123391	38	0.45591	39	0.911259	40	0.884459	41	0.0555831	42	0.392403	43	0.365971	44	-0.301861	45	0.301751	
-0	-0	-0	-0	-0.0703298	0	0	0	0	0	0	0	0	0	0	0.0031616	0	0	0	0	0.00672437	0	0	0.0136342	0	0.00518374	0.0109782	0	0	1	-0.181233	2	0.484407	3	0.644756	4	0.0177652	5	0.702619	6	0.265965	7	0.0754223	8	0.839611	9	-0.062733	10	-0.472231	11	0.626836	12	0.0804955	13	-0.579971	14	0.0705897	15	-0.545468	16	0.0705428	17	-0.302979	18	-0.362821	19	0.654913	20	0.422801	21	0.251125	22	0.173262	23	0.0968723	24	0.505043	25	0.00452225	26	-0.300924	27	0.452196	28	-0.814444	29	0.409498	30	0.0725393	31	-0.15788	32	0.205219	33	-0.327322	34	-0.414141	35	-0.247376	36	-0.0462706	37	-0.0671623	38	0.317517	39	0.663459	40	0.87672	41	0.08219	42	0.376082	43	0.372085	44	-0.285606	45	0.277377	
-0.115949	-0	-0	-0	-0	-0	0	0.0547558	0	0	0	0	0	0	0	0	0	0	0	0	0	0	0	0.195997	0	0	0	0	0	1	0.456932	2	0.338978	3	0.736572	4	0.0785827	5	0.616504	6	0.339099	7	-0.126149	8	0.791756	9	0.0146715	10	-0.469785	11	0.419774	12	0.199365	13	-0.753572	14	-0.0502162	15	-0.252698	16	-0.18879	17	-0.331384	18	-0.642051	19	0.733878	20	0.476321	21	0.235991	22	0.619143	23	0.661438	24	-0.499351	25	0.0151359	26	0.680198	27	-0.642999	28	-0.20485	29	0.160522	30	0.14328	31	-0.34316	32	-0.0183017	33	-0.2963	34	-0.43691	35	-0.367054	36	-0.365743	37	0.383625	38	0.288849	39	0.616992	40	-0.0712383	41	-0.106821	42	0.38116	43	0.237375	44	-0.477408	45	0.669419	
-0	-0	-0	-0	-0	-0	0	0	0	0.0878488	0.0942635	0	0.10707	0	0	0.0960395	0.0756932	0	0	0	0.0847913	0	0.237769	0	0	0.0702836	0.103616	0	0	1	0.406083	2	0.325776	3	0.697232	4	0.0519272	5	0.606343	6	0.349637	7	-0.139606	8	0.779872	9	0.0479921	10	-0.493692	11	0.414912	12	0.22477	13	-0.758305	14	-0.036356	15	-0.202472	16	-0.215779	17	-0.338687	18	-0.611156	19	0.721235	20	0.462955	21	0.22482	22	0.617383	23	0.64892	24	-0.516654	25	0.00828326	26	0.67689	27	-0.655681	28	-0.241878	29	0.154581	30	0.109882	31	-0.334186	32	-0.0375369	33	-0.292829	34	-0.434512	35	-0.378326	36	-0.365317	37	0.363636	38	0.274751	39	0.544992	40	-0.0669934	41	-0.125573	42	0.406538	43	0.239721	44	-0.48936	45	0.683071	
-0	-0.155717	-0.145242	-0	-0	-0.194814	0.132122	0.553285	0	0	0	0	0	0.234248	0	0	0	0	0.532394	0.153818	0	0.260139	0.0802492	0	0.189351	0	0	0	0.237895	1	0.401707	2	0.379927	3	0.696361	4	0.0473716	5	0.640769	6	0.373907	7	-0.138866	8	0.803505	9	0.0896517	10	-0.500688	11	0.445629	12	0.25831	13	-0.776934	14	0.0179402	15	-0.133146	16	-0.274293	17	-0.3259	18	-0.59228	19	0.721873	20	0.493914	21	0.226214	22	0.622537	23	0.655857	24	-0.504088	25	0.00996019	26	0.687118	27	-0.643953	28	-0.245559	29	0.202882	30	0.0982641	31	-0.345428	32	-0.0135082	33	-0.283239	34	-0.438934	35	-0.361838	36	-0.370836	37	0.364714	38	0.32665	39	0.50098	40	-0.0761624	41	-0.0993088	42	0.422557	43	0.2359	44	-0.47455	45	0.663337	
-0	-0	-0	-0.64303	-0.343685	-0.151749	0	0	0.50256	0	0	0.153587	0	0	0.162414	0	0	0.13904	0	0	0	0	0	0	0	0	0	0.227947	0.168173	1	0.378157	2	0.373185	3	0.717303	4	0.05686	5	0.637158	6	0.381529	7	-0.122373	8	0.79906	9	0.0915705	10	-0.497121	11	0.450295	12	0.276249	13	-0.763616	14	0.00751522	15	-0.136632	16	-0.267598	17	-0.337977	18	-0.594995	19	0.731129	20	0.482734	21	0.218607	22	0.621654	23	0.649781	24	-0.519495	25	0.00597735	26	0.673874	27	-0.657433	28	-0.280631	29	0.202748	30	0.121234	31	-0.343358	32	-0.00432609	33	-0.288166	34	-0.442981	35	-0.358599	36	-0.360378	37	0.343826	38	0.312042	39	0.503261	40	-0.0795961	41	-0.105285	42	0.393995	43	0.235511	44	-0.476438	45	0.675301	
-0	-0.00356223	-0	-0	-0	-0	-0	0	0	0	0	0	0	0	0	0	0.0332987	0	0	0	0.0613045	0	0	0	0	0.0317972	0.0103189	0	0	1	0.640882	2	-0.588495	3	0.330298	4	0.0684423	5	-0.0376586	6	0.362956	7	-0.207297	8	0.254402	9	0.236361	10	-0.241416	11	-0.30148	12	0.803908	13	-0.680089	14	0.82754	15	0.84981	16	-0.513089	17	0.892844	18	0.281632	19	0.500642	20	0.0264157	21	-0.383455	22	-0.0509294	23	0.757814	24	-0.527839	25	-0.491085	26	0.934915	27	-0.418333	28	0.164693	29	-0.702347	30	0.222632	31	0.26581	32	-0.798405	33	0.407503	34	0.137653	35	-0.775859	36	0.0862823	37	0.412306	38	-0.386195	39	-0.414818	40	0.000506476	41	-0.373576	42	-0.947118	43	0.192376	44	-0.517811	45	-0.894252	
-0	-0.132637	-0	-0	-0	-0	-0	0	0	0	0	0	0	0	0	0	0	0	0	0	0	0	0	0	0	0	0	0	0	1	0.62766	2	-0.584118	3	0.322575	4	0.06406	5	-0.0344778	6	0.359985	7	-0.207797	8	0.256773	9	0.235311	10	-0.244681	11	-0.297735	12	0.802105	13	-0.681771	14	0.834488	15	0.852228	16	-0.517712	17	0.899309	18	0.290046	19	0.497923	20	0.0283638	21	-0.386126	22	-0.0558543	23	0.758497	24	-0.529425	25	-0.490039	26	0.937893	27	-0.42022	28	0.153842	29	-0.698174	30	0.218468	31	0.261696	32	-0.796416	33	0.422325	34	0.133028	35	-0.76838	36	0.0715691	37	0.405162	38	-0.38337	39	-0.420184	40	-0.00587393	41	-0.370998	42	-0.953645	43	0.189932	44	-0.517644	45	-0.89514	
-0.0885934	-0.0376965	-0.0646324	-0.140016	-0.137524	-0.0953595	-0.132122	0.0917851	0.144561	0	0	0.165809	0	0.144362	0.29301	0	0.0347442	0.124514	0.123262	0.353613	0	0.128015	0.157289	0.0851289	0.0883219	0	0	0.226516	0.116187	1	0.513846	2	-0.381735	3	0.505676	4	0.0546272	5	0.0929383	6	0.509302	7	-0.175868	8	0.345461	9	0.389989	10	-0.215911	11	-0.192375	12	0.931916	13	-0.690124	14	0.848403	15	0.854109	16	-0.504189	17	0.897533	18	0.268171	19	0.457636	20	0.151317	21	-0.294418	22	-0.0598694	23	0.782666	24	-0.55217	25	-0.491222	26	0.950246	27	-0.413223	28	0.0636052	29	-0.523179	30	0.263804	31	0.192376	32	-0.673067	33	0.396942	34	0.10201	35	-0.715097	36	0.151466	37	0.310697	38	-0.180069	39	-0.412025	40	-0.0498554	41	-0.269524	42	-0.887216	43	0.159681	44	-0.454504	45	-0.852219	
-0	-0	-0	-0	-0	-0	-0	0	0	0	0	0	0	0	0	0	0.093176	0	0	0	0	0	0	0	0	0	0	0	0	1	0.571548	2	-0.769615	3	0.367711	4	0.0541497	5	-0.160224	6	0.400912	7	-0.198219	8	0.162283	9	0.279502	10	-0.20252	11	-0.413494	12	0.866565	13	-0.669355	14	0.811739	15	0.841996	16	-0.504996	17	0.886636	18	0.239491	19	0.444117	20	-0.0811326	21	-0.392357	22	-0.0407337	23	0.751837	24	-0.552422	25	-0.485312	26	0.950566	27	-0.416752	28	0.135553	29	-0.856759	30	0.250337	31	0.278457	32	-0.899237	33	0.408987	34	0.150102	35	-0.813613	36	0.00788624	37	0.346558	38	-0.547253	39	-0.451062	40	-0.0444749	41	-0.460384	42	-1	43	0.141809	44	-0.552284	45	-0.967718	
-0	-0	-0	-0	-0	-0	-0	0	0	0.0844988	0.0994986	0	0.115286	0	0	0.116926	0	0	0	0	0.0319168	0	0	0	0	0.0133443	0.0914512	0	0	1	0.571932	2	-0.820424	3	0.348137	4	0.0572322	5	-0.191342	6	0.377171	7	-0.192811	8	0.141636	9	0.251443	10	-0.216866	11	-0.434364	12	0.841389	13	-0.663846	14	0.81008	15	0.828356	16	-0.498359	17	0.878387	18	0.208411	19	0.462037	20	-0.116049	21	-0.402011	22	-0.027503	23	0.746268	24	-0.560824	25	-0.481563	26	0.94399	27	-0.426566	28	0.122041	29	-0.897688	30	0.248469	31	0.30462	32	-0.921579	33	0.380757	34	0.174488	35	-0.831798	36	0.00942711	37	0.35292	38	-0.603884	39	-0.437594	40	-0.0156918	41	-0.492615	42	-0.993219	43	0.137954	44	-0.552348	45	-1	
-0.132542	-0	-0.173104	-0.309901	-0.285973	-0.310994	-0.197417	-0	0.294367	0	0	0	0	0	0.0788085	0	0	0.104826	0	0	0	0.00870041	0	0.207943	0.304187	0	0	0.0660027	0.342835	1	0.551282	2	0.557841	3	0.463487	4	0.475901	5	0.747778	6	0.289406	7	0.262964	8	0.866235	9	0.0663614	10	-0.0359547	11	0.681129	12	-0.0713835	13	-0.66839	14	0.249193	15	-0.0276386	16	-0.47896	17	-0.337194	18	-0.572359	19	0.847806	20	0.449332	21	0.452621	22	0.74306	23	-0.095221	24	0.0311392	25	0.532958	26	-0.15026	27	-0.323475	28	-0.313022	29	0.4889	30	-0.267122	31	-0.297197	32	0.16714	33	-0.485322	34	-0.593206	35	-0.222716	36	-0.660838	37	0.161718	38	0.377136	39	0.59992	40	-0.152568	41	-0.0778886	42	0.653628	43	0.166156	44	-0.463005	45	0.766674	
-0	-0.162708	-0	-0.128526	-0	-0.152874	-0.410624	-0.0917851	0	0.090958	0.103927	0.110982	0.112372	0.171909	0.0381244	0.110368	0.0641057	0	0.462341	0.114546	0.0701106	0.217762	0.244607	0.0501455	0	0.0981928	0.115296	0.087796	0	1	0.432039	2	0.354739	3	0.342513	4	0.39093	5	0.62028	6	0.0691504	7	0.230099	8	0.774215	9	-0.265421	10	-0.193657	11	0.529136	12	-0.112973	13	-0.715898	14	0.23029	15	-0.032855	16	-0.471928	17	-0.333492	18	-0.567688	19	0.885894	20	0.373128	21	0.154534	22	0.739778	23	-0.092591	24	0.0401907	25	0.52741	26	-0.136933	27	-0.312764	28	-0.441544	29	0.273024	30	-0.0645928	31	-0.330131	32	0.115503	33	-0.51837	34	-0.609351	35	-0.253931	36	-0.688357	37	0.167572	38	0.215306	39	0.607582	40	-0.164534	41	-0.175898	42	0.67062	43	0.158422	44	-0.525528	45	0.76324	
-0.116683	-0.15181	-0	-0.702679	-0.131322	-0	-0.50256	-0.144561	-0.294367	0.0765145	0.0851355	0	0.0836669	0.210315	0.251281	0.0810695	0.0747472	0.210846	0.31722	0.144794	0.0733546	0.287287	0.3481	0.141423	0.168592	0.0545248	0.0867434	0.4494	0.587548	1	0.340571	2	0.635654	3	0.929752	4	0.0333168	5	0.773105	6	0.735041	7	-0.133526	8	0.866142	9	0.570053	10	-0.514901	11	0.537007	12	0.712623	13	-0.609704	14	0.0173536	15	-0.131762	16	-0.141724	17	-0.231454	18	-0.666805	19	0.716753	20	0.639766	21	0.295573	22	0.377543	23	0.00119869	24	-0.628562	25	-0.0314539	26	-0.140057	27	-0.809325	28	-0.303116	29	0.446574	30	0.124537	31	-0.293083	32	0.00738218	33	0.120553	34	-0.153431	35	-0.333832	36	0.0898973	37	0.329921	38	0.637364	39	0.157954	40	-0.0880287	41	0.15897	42	-0.259033	43	0.176599	44	-0.277379	45	-0.185349	
-0	-0	-0.164928	-0	-1	-0.300968	-0	-0	-0	0	0	0.203451	0	0	0	0	0	0	0	0	0	0	0	0.0823222	0	0	0	0	0	1	0.291337	2	0.638824	3	0.951838	4	0.021312	5	0.777093	6	0.739479	7	-0.130582	8	0.871319	9	0.565902	10	-0.523085	11	0.547433	12	0.722275	13	-0.604127	14	0.0186557	15	-0.127743	16	-0.110586	17	-0.233391	18	-0.688908	19	0.708574	20	0.636444	21	0.292006	22	0.372518	23	-0.0136916	24	-0.624064	25	-0.0362803	26	-0.158128	27	-0.795826	28	-0.346298	29	0.452763	30	0.146761	31	-0.299048	32	0.011799	33	0.133836	34	-0.157034	35	-0.330652	36	0.0939052	37	0.3005	38	0.631424	39	0.170839	40	-0.0922277	41	0.15808	42	-0.260113	43	0.180871	44	-0.279383	45	-0.179171	
-0	-0	-0	-0	-0	-0	-0	-0.0844988	-0	-0	0	0	0	0	0	0	0.0001204	0	0	0	0	0	0	0	0	0	0	0	0	1	0.458974	2	-0.999634	3	-0.999069	4	0.240343	5	-0.327414	6	-0.732825	7	0.0981042	8	0.245914	9	-0.927666	10	-0.378716	11	-0.361054	12	-0.336664	13	-0.510266	14	-0.623052	15	-0.628706	16	0.0558534	17	-0.59357	18	-0.99902	19	0.862561	20	-0.434226	21	-0.852346	22	0.592618	23	-0.660371	24	-0.901228	25	-0.0112237	26	-0.416065	27	-1	28	-0.317179	29	-0.864938	30	-0.258121	31	-0.888427	32	-0.928842	33	-0.0647745	34	-0.658088	35	-0.874265	36	0.398514	37	0.286555	38	-0.922066	39	-0.275215	40	0.474705	41	-0.522821	42	-0.853312	43	0.767812	44	-0.577289	45	-0.340391	
-0.0515787	-0.171705	-0.050027	-0.0842113	-0.0540357	-0.0790423	-0.0541279	-0	-0.090958	-0.0765145	0.0381382	0	0.260928	0.0871852	0	0.268481	0.0210294	0.00737225	0.116916	0.0555549	0	0.111625	0.145093	0.081524	0.0555557	0.0490326	0.00741858	0.0575005	0.075007	1	0.458988	2	-0.999639	3	-0.999057	4	0.253024	5	-0.329717	6	-0.729077	7	0.0965368	8	0.246181	9	-0.892369	10	-0.365019	11	-0.358028	12	-0.331658	13	-0.478339	14	-0.645989	15	-0.624816	16	0.0747631	17	-0.59519	18	-0.962574	19	0.866341	20	-0.441406	21	-0.851944	22	0.58744	23	-0.674333	24	-0.883618	25	0.0233822	26	-0.398166	27	-0.988425	28	-0.340921	29	-0.856791	30	-0.257837	31	-0.992364	32	-0.800482	33	-0.0158589	34	-0.750066	35	-0.639677	36	0.104232	37	0.288858	38	-0.924555	39	-0.28405	40	0.492171	41	-0.528258	42	-0.800333	43	0.792915	44	-0.613929	45	-0.228004	
-0	-0	-0	-0	-0	-0	-0.0337208	-0	-0	-0	0	0	0	0	0	0	0	0	0	0	0	0	0	0	0	0.090739	0	0	0	1	0.45891	2	-0.999569	3	-0.99938	4	0.232738	5	-0.3169	6	-0.758049	7	0.0928442	8	0.25924	9	-0.904592	10	-0.388696	11	-0.356286	12	-0.37467	13	-0.488651	14	-0.639069	15	-0.66834	16	0.0731751	17	-0.588228	18	-0.992591	19	0.861994	20	-0.420132	21	-0.850378	22	0.582828	23	-0.661287	24	-0.881404	25	-0.00500327	26	-0.403707	27	-0.984454	28	-0.333085	29	-0.880921	30	-0.24714	31	-0.98428	32	-0.831191	33	-0.00140264	34	-0.742863	35	-0.642344	36	0.122769	37	0.305528	38	-0.933302	39	-0.230886	40	0.479865	41	-0.494687	42	-0.868561	43	0.817869	44	-0.548809	45	-0.0949087	
-0	-0	-0	-0	-0.0302573	-0	-0	-0	-0	-0	0.475619	0.0731117	0	0	0.0608507	0.0493509	0.0398912	0.0468008	0	0.02558	0.109095	0.0025654	0	0.0281518	0	0	0.294084	0.0285018	0	1	0.459017	2	-0.999645	3	-0.999106	4	0.261091	5	-0.326504	6	-0.723158	7	0.100168	8	0.25022	9	-0.899049	10	-0.359413	11	-0.353519	12	-0.335933	13	-0.499251	14	-0.639047	15	-0.627768	16	0.0873191	17	-0.58642	18	-0.975531	19	0.871735	20	-0.440169	21	-0.838075	22	0.589663	23	-0.66977	24	-0.878129	25	0.00987684	26	-0.404062	27	-0.982462	28	-0.345709	29	-0.859628	30	-0.27101	31	-0.845863	32	-0.951806	33	-0.0319997	34	-0.530461	35	-0.904365	36	0.661619	37	0.283359	38	-0.930282	39	-0.282686	40	0.495801	41	-0.52607	42	-0.811574	43	0.846054	44	-0.615104	45	-0.133544	
-0	-0	-0	-0	-0	-0	-0	-0	-0	-0	-0	0	0	0	0	0	0	0	0	0	0	0	0.0675186	0	0	0	0	0	0	1	0.459055	2	-0.999597	3	-0.999158	4	0.13544	5	-0.342538	6	-0.319272	7	-0.0711268	8	0.343907	9	-0.128591	10	-0.423014	11	-0.449194	12	-0.0138781	13	-0.555472	14	-0.844297	15	-0.0423131	16	-0.575712	17	-0.655633	18	-0.720752	19	0.76491	20	-0.37276	21	-0.558438	22	0.397834	23	-0.748643	24	-0.388467	25	0.416583	26	-0.695074	27	-0.436116	28	-0.231389	29	-0.906939	30	-0.649339	31	-0.26259	32	-0.944924	33	-0.260314	34	-0.342223	35	-0.956584	36	0.323353	37	0.342779	38	-0.835675	39	-0.773443	40	0.294404	41	-0.726223	42	-0.395169	43	0.73456	44	-0.811745	45	-0.0804871	
-0.0415333	-0	-0.0449764	-0	-0.0928318	-0	-0	-0	-0	-0.0230451	-0.513757	0	0	0.0475525	0	0.108359	0	0	0	0	0	0.155913	0.110694	0.108373	0	0	0	0.0613012	0.0202259	1	0.459023	2	-0.999695	3	-0.999126	4	0.124612	5	-0.361234	6	-0.339502	7	-0.0605384	8	0.352745	9	-0.117523	10	-0.436615	11	-0.467668	12	-0.0387488	13	-0.508359	14	-0.790665	15	-0.0369891	16	-0.573606	17	-0.630511	18	-0.73082	19	0.763515	20	-0.38777	21	-0.562951	22	0.411892	23	-0.785393	24	-0.392368	25	0.418519	26	-0.725937	27	-0.424735	28	-0.221245	29	-0.884527	30	-0.638397	31	-0.254825	32	-0.927489	33	-0.248102	34	-0.336679	35	-0.896719	36	0.401654	37	0.347652	38	-0.809176	39	-0.739705	40	0.308613	41	-0.713722	42	-0.404273	43	0.720404	44	-0.723105	45	-0.0530006	
-0	-0.017416	-0	-0	-0	-0	-0	-0	-0	-0	-0	0	0.357665	0.0525314	0	0.383296	0	0	0.147852	0	0	0	0	0	0	0	0	0	0	1	0.459027	2	-0.999673	3	-0.998927	4	0.158132	5	-0.335447	6	-0.347771	7	-0.0565615	8	0.343741	9	-0.0630693	10	-0.39442	11	-0.43426	12	-0.0162973	13	-0.533281	14	-0.814517	15	-0.0222234	16	-0.595449	17	-0.647173	18	-0.716677	19	0.767745	20	-0.37504	21	-0.600224	22	0.417191	23	-0.764018	24	-0.397546	25	0.415224	26	-0.702095	27	-0.407213	28	-0.259813	29	-0.909741	30	-0.601857	31	-0.289942	32	-1	33	-0.227371	34	-0.346046	35	-0.938944	36	0.202185	37	0.337291	38	-0.852251	39	-0.761927	40	0.289004	41	-0.717744	42	-0.397026	43	0.772481	44	-0.885791	45	0.149853	
-0	-0	-0	-0	-0	-0	-0	-0	-0	-0	-0	0.0938999	0	0	0.0722087	0	0	0.0669636	0	0	0.127216	0	0	0	0	0	0	0	0	1	0.45896	2	-0.999669	3	-0.999161	4	0.165818	5	-0.341528	6	-0.349696	7	-0.0648561	8	0.350504	9	-0.0554421	10	-0.405116	11	-0.436797	12	-0.0176249	13	-0.54893	14	-0.836371	15	-0.0186059	16	-0.602697	17	-0.652817	18	-0.730558	19	0.78831	20	-0.383413	21	-0.601783	22	0.413138	23	-0.74385	24	-0.383302	25	0.409185	26	-0.684278	27	-0.401881	28	-0.272421	29	-0.899318	30	-0.601092	31	-0.294777	32	-0.950365	33	-0.245219	34	-0.281078	35	-0.987771	36	0.471494	37	0.337368	38	-0.846867	39	-0.758919	40	0.274955	41	-0.713324	42	-0.391637	43	0.563154	44	-0.732658	45	0.0986099	
-0	-0.257525	-0	-0.0435055	-0	-0.0924619	-0.091404	-0.0994986	-0.0516128	-0.0620904	-0	0	0.249501	0.0174248	0	0	0.0717423	0	0	0.096017	0	0	0	0	0	0.0172015	0.0964663	0.0410482	0.0383777	1	0.458925	2	-0.99957	3	-0.998786	4	0.188401	5	-0.347454	6	-0.379302	7	-0.0750347	8	0.363073	9	-0.0402954	10	-0.394683	11	-0.425567	12	-0.0676368	13	-0.560455	14	-0.839885	15	0.0338426	16	-0.577215	17	-0.655815	18	-0.708685	19	0.808471	20	-0.405351	21	-0.593602	22	0.408536	23	-0.730889	24	-0.400464	25	0.399507	26	-0.65824	27	-0.419635	28	-0.296696	29	-0.877489	30	-0.594964	31	-0.303125	32	-0.948098	33	-0.287852	34	-0.309812	35	-0.970812	36	0.349066	37	0.329175	38	-0.853797	39	-0.697597	40	0.277691	41	-0.718527	42	-0.364887	43	0.621596	44	-0.727132	45	0.0364843	
-0.0157894	-0	-0.00923559	-0.0596525	-0	-0	-0.00285958	-0	-0.0523141	-0	-0	0	0	0	0	0	0	0	0	0	0	0	0	0	0.0706588	0.107353	1	0	0.0202073	1	0.458978	2	-0.999611	3	-0.999224	4	0.17975	5	-0.353713	6	-0.335128	7	-0.0679886	8	0.35997	9	-0.0463944	10	-0.392089	11	-0.434064	12	-0.0579007	13	-0.557352	14	-0.830471	15	0.00775875	16	-0.598413	17	-0.643772	18	-0.727366	19	0.794408	20	-0.408052	21	-0.535332	22	0.409561	23	-0.770491	24	-0.382024	25	0.398288	26	-0.691271	27	-0.394339	28	-0.285746	29	-0.872161	30	-0.658076	31	-0.312521	32	-0.913679	33	-0.307186	34	-0.280467	35	-0.899674	36	0.435936	37	0.331253	38	-0.842622	39	-0.727535	40	0.29466	41	-0.727591	42	-0.412158	43	0.674791	44	-0.843873	45	0.337273	
-0	-0	-0.0783397	-0	-0.178303	-0	-0	-0	-0	-0.203451	-0	-0	0	0.791661	0.125896	0	0	0.0392921	0	0	0	0	0	0	0.0427135	0	0	0	0.0370669	1	-0.404452	2	0.335157	3	0.322664	4	-0.74489	5	0.733361	6	0.289279	7	-0.69079	8	0.896422	9	0.113838	10	-0.846255	11	0.400268	12	0.782842	13	-0.775943	14	-0.237668	15	0.650203	16	-0.77452	17	-0.221678	18	-0.277714	19	-0.00503055	20	0.705871	21	-0.475396	22	0.288595	23	0.215692	24	-0.749016	25	-0.282072	26	-0.0786321	27	-0.714998	28	-0.363406	29	-0.109506	30	0.345561	31	0.837708	32	-0.369172	33	0.581091	34	0.991537	35	-0.392774	36	0.332211	37	0.132395	38	0.246528	39	-0.40322	40	-0.699465	41	-0.24504	42	-0.57555	43	-0.248999	44	-0.668942	45	-0.0816349	
-0	-0	-0	-0.0361555	-0	-0	-0	-0	-0	-0	-0	-0	0	0	0.177138	0	0	0.431448	0	0.145128	0	0	0	0	0	0	0	0.220795	0	1	-0.364224	2	0.303772	3	0.244996	4	-0.709518	5	0.714445	6	0.241973	7	-0.665854	8	0.883737	9	0.0735476	10	-0.83784	11	0.388107	12	0.737527	13	-0.742334	14	-0.226195	15	0.692211	16	-0.764418	17	-0.241854	18	-0.243017	19	0.0341697	20	0.684119	21	-0.499902	22	0.288825	23	0.226233	24	-0.749551	25	-0.277558	26	-0.0721249	27	-0.719313	28	-0.36066	29	-0.134487	30	0.308062	31	0.833549	32	-0.388677	33	0.574117	34	0.999935	35	-0.398631	36	0.340075	37	0.150647	38	0.210391	39	-0.422463	40	-0.691454	41	-0.260112	42	-0.61445	43	-0.250905	44	-0.678857	45	-0.013238	
-0.0782575	-0.184953	-0	-0.164613	-0	-0.12023	-0.153587	-0.165809	-0.110982	-0	-0.0731117	-0.0938999	0.089852	0.222043	0.0246182	0.0753019	0.107728	0	0.157886	0	0.105193	0.180285	0.193913	0.087327	0.0357139	0.0457273	0.0896261	0.11763	0.0725162	1	-0.318989	2	0.275023	3	0.22825	4	-0.671759	5	0.700063	6	0.192939	7	-0.643698	8	0.872097	9	0.00489586	10	-0.813738	11	0.388843	12	0.706522	13	-0.752833	14	-0.244381	15	0.657399	16	-0.756088	17	-0.24755	18	-0.27157	19	0.0614723	20	0.65754	21	-0.542643	22	0.292105	23	0.200153	24	-0.757523	25	-0.280403	26	-0.0908306	27	-0.716278	28	-0.34396	29	-0.152616	30	0.344924	31	0.858366	32	-0.396657	33	0.575827	34	1	35	-0.418689	36	0.364736	37	0.164139	38	0.164166	39	-0.389169	40	-0.671318	41	-0.294022	42	-0.56119	43	-0.223468	44	-0.700788	45	0.000687109	
-0	-0.550398	-0	-0.105973	-0.0804448	-0	-0.10707	-0.115286	-0	-0.0836669	-0.260928	-0.607167	-0.089852	0.11717	0.0783089	0.211369	0.0808472	0.0703601	0.164827	0.119825	0.0972456	0.137423	0.158598	0.0678016	0	0	0.409403	0.101956	0.0220345	1	0.459006	2	-0.999699	3	-0.999086	4	0.350084	5	-0.365111	6	-0.20413	7	0.0136668	8	0.286996	9	0.135734	10	-0.207686	11	-0.427338	12	0.160172	13	-0.537604	14	-0.724895	15	0.245505	16	-0.892695	17	-0.495699	18	-0.308948	19	0.844773	20	-0.435293	21	-0.568039	22	0.562287	23	-0.416453	24	-0.783705	25	0.370294	26	0.374477	27	-0.469453	28	-0.367632	29	-0.843307	30	-0.68658	31	-0.61962	32	-0.800766	33	-0.427849	34	-0.612974	35	-0.741246	36	-0.407248	37	0.20127	38	-0.842874	39	-0.993363	40	-0.106921	41	-0.808104	42	-0.338209	43	0.197212	44	-0.897708	45	0.379281	
-0.0573625	-0	-0.0510512	-0.00427274	-0	-0.0858851	-0	-0	-0.112372	-0	-0	-0	-0	0	0	0.18637	0	0	0	0	0	0	0	0.0281784	0.0800263	0.110474	0	0	0.0598255	1	0.458978	2	-0.999599	3	-0.99912	4	0.399408	5	-0.38448	6	-0.19867	7	0.00779438	8	0.307027	9	0.149965	10	-0.153112	11	-0.424239	12	0.14971	13	-0.577064	14	-0.66803	15	0.285604	16	-0.897302	17	-0.489471	18	-0.325054	19	0.858226	20	-0.473206	21	-0.548166	22	0.514504	23	-0.476312	24	-0.780468	25	0.352724	26	0.3243	27	-0.447635	28	-0.430553	29	-0.799465	30	-0.691758	31	-0.666423	32	-0.803555	33	-0.502195	34	-0.614496	35	-0.673222	36	-0.452326	37	0.190158	38	-0.83682	39	-1	40	-0.102217	41	-0.826483	42	-0.329743	43	0.204037	44	-0.903749	45	0.405095	
-0.0416114	-0.0390702	-0	-0.339801	-0.0977097	-0.14862	-0.202463	-0.0455272	-0.166381	-0.115167	-0.082257	-0.0639927	-0.0137035	-0.10811	0.0153485	0.102035	0	0.0281267	0.399647	0.104963	0	0.323374	0.295501	0.0751545	0.0916532	0.0451394	0.0894144	0.165512	0.119738	1	-0.225896	2	0.199767	3	-0.0174568	4	-0.948343	5	0.521407	6	0.10468	7	-0.969162	8	0.656428	9	-0.040084	10	-0.961543	11	0.123517	12	0.585175	13	-0.932556	14	-0.350894	15	0.434732	16	-0.999242	17	-0.230347	18	-0.302513	19	-0.166164	20	0.603399	21	-0.54839	22	0.380117	23	0.253911	24	-0.599296	25	0.35552	26	-0.0877493	27	-0.615969	28	0.0301632	29	-0.141129	30	0.128214	31	-0.133763	32	-0.271425	33	-0.358703	34	-0.354407	35	-0.567669	36	-0.290306	37	0.34749	38	0.363853	39	-0.478553	40	0.0393254	41	-0.083452	42	0.666462	43	0.986422	44	-0.300353	45	0.417089	
-0	-0	-0	-0	-0	-0	-0	-0	-0	-0	-0	-0.036509	-0	-0	0	0	0.0118587	0	0	0	0.0687398	0	0	0	0	0.0109445	0	0	0	1	-0.223237	2	0.189819	3	-0.0062909	4	-0.957579	5	0.512407	6	0.106866	7	-0.979725	8	0.649635	9	-0.0398585	10	-0.964077	11	0.113713	12	0.588733	13	-0.919208	14	-0.371827	15	0.442565	16	-0.993653	17	-0.250171	18	-0.294787	19	-0.176075	20	0.59709	21	-0.548848	22	0.382446	23	0.240221	24	-0.597205	25	0.365795	26	-0.0921883	27	-0.608294	28	0.0432099	29	-0.148162	30	0.138478	31	-0.101974	32	-0.274019	33	-0.357435	34	-0.347832	35	-0.569668	36	-0.280852	37	0.352582	38	0.35963	39	-0.470805	40	0.0495799	41	-0.0819342	42	0.68979	43	0.995669	44	-0.293954	45	0.413742	
-0	-0	-0.0875364	-0	-0	-0	-0	-0	-0	-0	-0	-0	-0	-0	0	0	0	0	0	0	0	0	0	0	0	0	0	0	0	1	-0.291812	2	0.221425	3	0.0491665	4	-0.996355	5	0.536286	6	0.125332	7	-1	8	0.672166	9	-0.0279556	10	-0.990611	11	0.139684	12	0.606322	13	-0.916461	14	-0.377831	15	0.45103	16	-0.994108	17	-0.24956	18	-0.286286	19	-0.202398	20	0.613871	21	-0.539173	22	0.387074	23	0.249872	24	-0.611023	25	0.364331	26	-0.0843282	27	-0.627356	28	0.000931555	29	-0.120685	30	0.177018	31	-0.128717	32	-0.251942	33	-0.340117	34	-0.369447	35	-0.55423	36	-0.295094	37	0.323514	38	0.380381	39	-0.435535	40	0.0585257	41	-0.0732471	42	0.689683	43	1	44	-0.29223	45	0.426198	
-0.037328	-0.134437	-0.00812562	-0.0417803	-0.100532	-0.0191427	-0.0317847	-0.0988346	-0.00552811	-0.0951482	-0.00492816	-0.017007	-1	-0.00906071	0.19125	0	0.0761815	0.281542	0	0.0512157	0.0500966	0.0627093	0.0576588	0.0229057	0.00847779	0	0.0214565	0.169783	0.0131563	1	-0.374555	2	0.244886	3	0.12778	4	-1	5	0.568896	6	0.114377	7	-0.974544	8	0.703812	9	-0.0826597	10	-1	11	0.197786	12	0.614789	13	-0.932633	14	-0.380405	15	0.439696	16	-1	17	-0.245784	18	-0.304378	19	-0.198239	20	0.614029	21	-0.565443	22	0.375881	23	0.255538	24	-0.607906	25	0.357257	26	-0.0826919	27	-0.630767	28	-0.0900386	29	-0.0968168	30	0.277724	31	0.928203	32	-0.264615	33	0.475773	34	0.831978	35	-0.369335	36	0.209248	37	0.268536	38	0.351529	39	-0.353255	40	-0.700321	41	-0.0663738	42	-0.37176	43	-0.239142	44	-0.469806	45	-0.149133	
-0.0988611	-0.206385	-0	-0.128318	-0	-0	-0.0289757	-0.29301	-0	-0	-0.0608507	-0.0722087	-0.327652	-0.0783089	-0.206599	0.0718682	0.117487	0	0.136196	0.214602	0.0706118	0.14154	0.160754	0.0212073	0	0.0425427	0.0726626	0.385274	0	1	0.330295	2	0.47544	3	0.398426	4	0.203793	5	0.745046	6	0.51002	7	0.0351839	8	0.856327	9	0.42473	10	-0.125878	11	0.441317	12	0.972269	13	-0.971156	14	0.611489	15	0.49607	16	-0.727027	17	0.722658	18	0.0519057	19	0.570476	20	0.685585	21	-0.337128	22	-0.116773	23	0.133728	24	-0.925092	25	-0.807276	26	0.386663	27	-0.614735	28	-0.272495	29	0.147009	30	0.204541	31	0.561799	32	-0.178552	33	0.693252	34	0.579575	35	-0.367672	36	0.439556	37	0.108494	38	0.450999	39	-0.580591	40	-0.69198	41	-0.0585461	42	-0.436546	43	-0.212376	44	-0.470221	45	-0.191914	
-0	-0	-0	-0	-0.0031235	-0	-0	-0	-0	-0.162003	-0	-0	-0	-0	-0	0	0	0	0	0	0	0	0	0	0.104476	0	0	0	0	1	0.313432	2	0.485661	3	0.43804	4	0.193889	5	0.74628	6	0.552396	7	0.0351744	8	0.853542	9	0.472648	10	-0.132548	11	0.434479	12	1	13	-0.970405	14	0.605761	15	0.475384	16	-0.731505	17	0.722675	18	0.0529612	19	0.56365	20	0.694678	21	-0.301207	22	-0.121179	23	0.133801	24	-0.931954	25	-0.815195	26	0.382192	27	-0.615291	28	-0.282528	29	0.155845	30	0.197829	31	0.57413	32	-0.166856	33	0.689036	34	0.582474	35	-0.35993	36	0.423345	37	0.101502	38	0.475428	39	-0.583011	40	-0.668535	41	-0.0447898	42	-0.467465	43	-0.196999	44	-0.461251	45	-0.212264	
-0	-0	-0.0886377	-0.0794975	-0.172007	-0	-0	-0	-0	-0.0892786	-0	-0	-0	-0	-0	0	0	0.409376	0	0	0	0	0	0	0	0	0	0	0.172036	1	0.317825	2	0.524332	3	0.448364	4	0.206098	5	0.779677	6	0.524032	7	0.0377751	8	0.888307	9	0.428773	10	-0.131859	11	0.479669	12	0.979618	13	-0.972233	14	0.62365	15	0.495275	16	-0.733657	17	0.73075	18	0.047324	19	0.579312	20	0.709232	21	-0.323272	22	-0.117292	23	0.149625	24	-0.923837	25	-0.816329	26	0.388798	27	-0.615672	28	-0.293173	29	0.192644	30	0.236175	31	0.557694	32	-0.144886	33	0.707169	34	0.575027	35	-0.349069	36	0.453659	37	0.101822	38	0.486023	39	-0.539383	40	-0.700094	41	-0.0352148	42	-0.427642	43	-0.199018	44	-0.453445	45	-0.198334	
-0	-0	-0	-0	-0	-0.118096	-0.133439	-0	-0.116933	-0	-0	-0	-0	-0	-0	0	0	0	0	0	0	0	0	0.0800698	0	0	0	0	0	1	0.324493	2	0.547354	3	0.45382	4	0.251214	5	0.804414	6	0.472438	7	0.0854929	8	0.915471	9	0.350109	10	-0.0775479	11	0.524128	12	0.964089	13	-1	14	0.628909	15	0.490915	16	-0.732824	17	0.732399	18	0.0361318	19	0.587392	20	0.708963	21	-0.386814	22	-0.127794	23	0.144552	24	-0.919533	25	-0.816303	26	0.3951	27	-0.610922	28	-0.305948	29	0.219964	30	0.311818	31	0.554961	32	-0.130136	33	0.685638	34	0.575282	35	-0.339484	36	0.435655	37	0.0710608	38	0.473306	39	-0.49581	40	-0.683158	41	-0.0424305	42	-0.44917	43	-0.186385	44	-0.460205	45	-0.195813	
-0.0607506	-0.233438	-0.0381446	-0	-0.0905649	-0.0407591	-0	-0	-0	-0.0810695	-0	-0	-0	-0	-0	-0	0	0	0	0.129362	0	0.110977	0.11187	0	0	0	0	0.0571332	0	1	0.459073	2	-0.999673	3	-0.998973	4	0.256793	5	-0.355531	6	-0.354919	7	0.177157	8	0.314667	9	-0.0837581	10	-0.411626	11	-0.402773	12	-0.0566396	13	-0.828502	14	0.266488	15	-0.240981	16	-0.196796	17	0.475613	18	-0.473546	19	0.916214	20	-0.442786	21	-0.567546	22	0.780848	23	-0.548559	24	-0.351784	25	0.972579	26	-0.185366	27	-0.126345	28	-0.34491	29	-0.843195	30	-0.63197	31	-0.738283	32	-0.916325	33	-0.181953	34	-0.709858	35	-0.884507	36	-0.0425209	37	0.28758	38	-0.868983	39	-0.711539	40	0.323432	41	-0.782568	42	-0.467823	43	0.773977	44	-0.817305	45	-0.0676462	
-0	-0	-0	-0	-0	-0	-0	-0.116926	-0	-0	-0.0620895	-0.491655	-0.0478127	-0	-0	-0.053548	0.0652399	0	0	0	0.0844057	0	0	0	0	0	0.442486	0.0272369	0	1	0.458961	2	-0.99966	3	-0.999063	4	0.257718	5	-0.346948	6	-0.355951	7	0.185193	8	0.315444	9	-0.0818584	10	-0.407932	11	-0.39548	12	-0.054742	13	-0.837113	14	0.262877	15	-0.225491	16	-0.200402	17	0.466845	18	-0.482681	19	0.913898	20	-0.4347	21	-0.571216	22	0.777579	23	-0.544916	24	-0.355654	25	0.970284	26	-0.184692	27	-0.134382	28	-0.348027	29	-0.854223	30	-0.628405	31	-0.743667	32	-0.931358	33	-0.226754	34	-0.657384	35	-0.963623	36	0.0756912	37	0.288522	38	-0.880471	39	-0.71343	40	0.294786	41	-0.799336	42	-0.46205	43	0.786598	44	-0.833667	45	-0.0617786	
-0	-0	-0	-0	-0	-0	-0	-0	-0	-0	-0	-0	-0	-0	-0	-0	0	0	0	0	0	0	0	0.119949	0	0	0	0	0	1	0.458965	2	-0.999638	3	-0.999109	4	0.266111	5	-0.349331	6	-0.346827	7	0.176719	8	0.323623	9	-0.0757594	10	-0.410384	11	-0.392422	12	-0.0574615	13	-0.845869	14	0.2474	15	-0.248503	16	-0.195435	17	0.47753	18	-0.471692	19	0.927478	20	-0.442057	21	-0.554043	22	0.811522	23	-0.547433	24	-0.352209	25	0.997275	26	-0.175405	27	-0.128319	28	-0.371339	29	-0.846622	30	-0.643457	31	-0.748603	32	-0.935884	33	-0.203336	34	-0.721474	35	-0.904734	36	0.0582578	37	0.295189	38	-0.882057	39	-0.717227	40	0.290086	41	-0.793539	42	-0.425214	43	0.799815	44	-0.808474	45	-0.0288287	
-0	-0	-0.0164845	-0.0985626	-0	-0.0476805	-0.0960395	-0	-0.110368	-0	-0	-0	-0	-0	-0.102035	-0	0	0	0.143066	0	0	0.0299398	0.0585074	0	0.0868357	0.100936	0.044304	0	0.0861507	1	0.458959	2	-0.999649	3	-0.999043	4	0.250278	5	-0.350268	6	-0.347242	7	0.17503	8	0.326133	9	-0.0875576	10	-0.433988	11	-0.400237	12	-0.0547321	13	-0.845942	14	0.251358	15	-0.243476	16	-0.184202	17	0.476941	18	-0.481514	19	0.929013	20	-0.43588	21	-0.557654	22	0.799563	23	-0.541625	24	-0.362311	25	0.971783	26	-0.161346	27	-0.132459	28	-0.360121	29	-0.851284	30	-0.641412	31	-0.738081	32	-0.920094	33	-0.200861	34	-0.71884	35	-0.825149	36	0.00558293	37	0.304822	38	-0.874546	39	-0.718459	40	0.315909	41	-0.791057	42	-0.41398	43	0.851538	44	-0.863673	45	0.0473549	
-0	-0	-0	-0	-0	-0	-0	-0	-0	-0	-0.255742	-0	-0.0274892	-0.397739	-0	-0.0183202	0	0.0574808	0	0	0	0	0	0	0	0	0	0.0052933	0	1	0.459062	2	-0.999642	3	-0.999028	4	0.283716	5	-0.344525	6	-0.346351	7	0.159668	8	0.318296	9	-0.105376	10	-0.380057	11	-0.384353	12	-0.0427999	13	-0.846495	14	0.250909	15	-0.220969	16	-0.190704	17	0.46938	18	-0.497746	19	0.921845	20	-0.441536	21	-0.569225	22	0.782127	23	-0.56932	24	-0.375374	25	1	26	-0.185728	27	-0.132008	28	-0.39051	29	-0.848909	30	-0.629979	31	-0.746822	32	-0.890392	33	-0.133642	34	-0.639758	35	-0.814373	36	-0.0736294	37	0.289152	38	-0.892706	39	-0.733444	40	0.341711	41	-0.778053	42	-0.495965	43	0.81328	44	-0.870918	45	-0.00764235	
-0	-0	-0.0625016	-0.0397886	-0	-0.0658857	-0	-0	-0	-0	-0	-0.00164941	-0.107728	-0	-0.0880401	-0	-0	0.0844712	0.0738243	0	0.0802464	0.0687567	0.0810594	0	0	0	0.0011705	0.103548	0	1	0.579253	2	-0.46334	3	0.0150517	4	0.0937568	5	0.149169	6	0.16448	7	-0.151783	8	0.427406	9	0.0421589	10	0.82485	11	-0.027938	12	0.749699	13	0.753485	14	0.42481	15	0.871782	16	0.665659	17	-0.33982	18	0.611498	19	-0.491195	20	0.0869739	21	-0.633892	22	-0.960494	23	0.295459	24	-0.746295	25	-0.994333	26	0.690701	27	-0.15273	28	0.827889	29	-0.638346	30	0.218659	31	1	32	-0.749958	33	0.0394829	34	0.406984	35	-0.811793	36	-0.221091	37	-0.154692	38	-0.507174	39	-0.646546	40	-0.862365	41	-0.615725	42	-0.740472	43	-0.338981	44	-0.846537	45	-0.123535	
-0.13212	-0.131906	-0	-0.0413646	-0.0681743	-0	-0.0756932	-0.161219	-0.0641057	-0.0747472	-0	-0	-0	-0	-0	-0.117487	-0	0	0	0.0985191	0	0	0	0.0616946	0.061053	0	0	0	0.0721173	1	0.616603	2	-0.455732	3	0.0280142	4	0.172763	5	0.156146	6	0.174531	7	-0.084116	8	0.433865	9	0.0527289	10	0.873298	11	-0.0355342	12	0.758935	13	0.76349	14	0.501219	15	0.895202	16	0.655798	17	-0.293515	18	0.607322	19	-0.43216	20	0.107148	21	-0.628259	22	-0.95567	23	0.356257	24	-0.75198	25	-0.961189	26	0.72233	27	-0.144687	28	0.777554	29	-0.643082	30	0.194761	31	0.967211	32	-0.755847	33	0.0373272	34	0.395108	35	-0.816869	36	-0.212657	37	-0.152181	38	-0.493346	39	-0.613997	40	-0.918623	41	-0.595415	42	-0.746231	43	-0.375632	44	-0.833639	45	-0.126827	
-0	-0	-0	-0	-0	-0	-0	-0	-0	-0	-0.0609206	-0.0700929	-0	-0.0808472	-0	-0	-0.0652399	0	0	0	0	0	0	0	0	0.000223353	0.0744313	0	0	1	0.62606	2	-0.500348	3	-0.00782794	4	0.145898	5	0.126821	6	0.143588	7	-0.114257	8	0.41246	9	0.0208358	10	0.850621	11	-0.0506186	12	0.741643	13	0.775893	14	0.489854	15	0.892566	16	0.65594	17	-0.300151	18	0.60217	19	-0.446267	20	0.0696341	21	-0.657701	22	-0.946716	23	0.344567	24	-0.758152	25	-0.951846	26	0.715269	27	-0.145949	28	0.816126	29	-0.673584	30	0.207755	31	0.982513	32	-0.776922	33	0.0402781	34	0.394226	35	-0.829755	36	-0.21425	37	-0.135281	38	-0.543469	39	-0.636524	40	-0.897839	41	-0.630958	42	-0.736395	43	-0.362082	44	-0.85621	45	-0.120945	
-0	-0	-0	-0	-0	-0	-0	-0	-0	-0	-0.0001204	-0	-0	-0	-0	-0	-0	0	0	0	0	0	0	0	0	0.0479023	0	0	0	1	0.621635	2	-0.522236	3	-0.0367462	4	0.144935	5	0.114109	6	0.115822	7	-0.114719	8	0.404214	9	-0.00808224	10	0.871414	11	-0.0541493	12	0.709029	13	0.762924	14	0.49243	15	0.901662	16	0.652859	17	-0.299043	18	0.599293	19	-0.467557	20	0.0503479	21	-0.665549	22	-0.965307	23	0.369652	24	-0.745467	25	-0.951418	26	0.718707	27	-0.132406	28	0.825776	29	-0.687623	30	0.194936	31	0.987221	32	-0.786596	33	0.0316445	34	0.394899	35	-0.835655	36	-0.222299	37	-0.147224	38	-0.573607	39	-0.621854	40	-0.90742	41	-0.640642	42	-0.768658	43	-0.368329	44	-0.862359	45	-0.140237	
-0	-0.212203	-0	-0	-0	-0	-0	-0	-0	-0	-0	-0.0661352	-0	-0.0703601	-0	-0	-0.0574808	-0	0	0.146873	0	0	0	0	0	0	0.0510422	0	0	1	-0.0404387	2	0.898111	3	-0.227322	4	-0.337192	5	0.975456	6	0.396461	7	-0.397266	8	0.989432	9	0.436989	10	-0.603813	11	0.548556	12	0.75429	13	-0.73596	14	-0.0846073	15	0.961052	16	-0.846877	17	-0.254002	18	0.0723321	19	0.30688	20	0.991679	21	-0.277346	22	0.018222	23	0.282658	24	-0.986035	25	-0.557898	26	0.0627574	27	-0.972199	28	-0.307644	29	0.487116	30	-0.402113	31	0.495848	32	0.106264	33	0.645084	34	0.67805	35	-0.141437	36	0.478965	37	0.18115	38	1	39	-0.999462	40	-0.799271	41	0.274861	42	-0.339175	43	-0.142292	44	-0.273999	45	0.0949018	
-0	-0	-0.0365744	-0.113476	-0	-0	-0	-0	-0.104826	-0	-0.0541347	-0	-0	-0	-0	-0	-0	-0	0.13903	0	0	0.169092	0.170142	0.0902131	0.058007	0	0	0	0.138711	1	-0.0464449	2	0.907586	3	-0.191183	4	-0.348187	5	0.990599	6	0.387363	7	-0.406376	8	1	9	0.405864	10	-0.610538	11	0.567332	12	0.753587	13	-0.742442	14	-0.0873492	15	0.932934	16	-0.843436	17	-0.249289	18	0.0320378	19	0.298649	20	1	21	-0.290761	22	0.0230976	23	0.265777	24	-0.986316	25	-0.555703	26	0.0615312	27	-0.972308	28	-0.304557	29	0.488616	30	-0.353275	31	0.478417	32	0.106055	33	0.687394	34	0.664866	35	-0.141937	36	0.499687	37	0.182278	38	0.991712	39	-0.955271	40	-0.814291	41	0.272994	42	-0.321806	43	-0.158985	44	-0.275975	45	0.130458	
-0.0737598	-0	-0.0528289	-0.116576	-0.151417	-0.114095	-0.13904	-0.124514	-0	-0.210846	-3.84201e-05	-0.000828408	-0.47074	-0	-0.309669	-0.409376	-0	-0.0844712	0	0	0.0639551	0	0	0	0.0207864	0.039493	0.013092	0.395743	0	1	-0.122283	2	0.871042	3	-0.121102	4	-0.374252	5	0.971872	6	0.408437	7	-0.404503	8	0.995388	9	0.421841	10	-0.61426	11	0.555764	12	0.788501	13	-0.720082	14	-0.0788155	15	0.959422	16	-0.807614	17	-0.28138	18	0.087889	19	0.267377	20	0.977991	21	-0.29584	22	0.0218215	23	0.258564	24	-1	25	-0.553718	26	0.0526713	27	-0.977643	28	-0.354909	29	0.454795	30	-0.290026	31	0.507977	32	0.09451	33	0.699408	34	0.674152	35	-0.147141	36	0.476805	37	0.134251	38	0.945731	39	-0.92207	40	-0.836996	41	0.238869	42	-0.333944	43	-0.155343	44	-0.295943	45	0.125975	
-0	-0	-0	-0	-0	-0	-0	-0.0218386	-0	-0	-0	-0	-0	-0	-0	-0	-0	-0.0738243	-0	0	0	0	0	0	0	0	0	0	0	1	0.288639	2	0.27739	3	0.0203924	4	-0.139592	5	0.633685	6	0.227834	7	-0.318901	8	0.794305	9	0.103397	10	-0.633003	11	0.354693	12	0.442088	13	-0.653656	14	-0.271314	15	0.0415851	16	-0.615023	17	-0.343507	18	-0.683935	19	0.599168	20	0.572633	21	-0.201045	22	0.691694	23	0.239008	24	-0.147125	25	0.113595	26	-0.117493	27	-0.249026	28	-0.230879	29	-0.0366096	30	-0.159232	31	-0.555371	32	-0.322226	33	-0.263075	34	-0.967596	35	-0.414988	36	-0.753543	37	0.393587	38	0.229036	39	-0.350049	40	0.173236	41	-0.237511	42	0.0933029	43	0.398542	44	-0.59477	45	0.560289	
-0	-0.190495	-0	-0	-0	-0	-0	-0.101424	-0	-0	-0.116916	-0.147852	-0	-0.164827	-0	-0	-0.143066	-0	-0	0.178969	0.087169	0	0.829558	0	0	0.0756845	0.152812	0	0	1	0.274174	2	0.273086	3	0.0131081	4	-0.143789	5	0.63153	6	0.222319	7	-0.316772	8	0.794558	9	0.0998773	10	-0.637528	11	0.355375	12	0.435676	13	-0.660659	14	-0.278678	15	0.0342433	16	-0.614561	17	-0.346574	18	-0.68683	19	0.597907	20	0.568076	21	-0.202677	22	0.693396	23	0.235488	24	-0.145763	25	0.111407	26	-0.115973	27	-0.251888	28	-0.244187	29	-0.0389097	30	-0.162817	31	-0.552959	32	-0.329795	33	-0.252188	34	-0.974635	35	-0.415416	36	-0.747038	37	0.386094	38	0.221676	39	-0.349318	40	0.176008	41	-0.241173	42	0.117555	43	0.396087	44	-0.601642	45	0.532476	
-0.0978502	-0	-0.129641	-0.809011	-0	-0.315077	-0	-0	-0	-0.31722	-0	-0	-0.157886	-0	-0.399647	-0.136196	-0	-0	-0.13903	0	0	0	0	0	0	0	0	0.26471	0	1	0.257501	2	0.304498	3	0.0386956	4	-0.15691	5	0.653374	6	0.228909	7	-0.328747	8	0.813138	9	0.101084	10	-0.641995	11	0.372845	12	0.452475	13	-0.664826	14	-0.260877	15	0.0449447	16	-0.616121	17	-0.350177	18	-0.679895	19	0.584661	20	0.58975	21	-0.210651	22	0.677176	23	0.245103	24	-0.152186	25	0.11725	26	-0.119861	27	-0.251919	28	-0.248268	29	-0.0150328	30	-0.134449	31	-0.543648	32	-0.31101	33	-0.245824	34	-0.969259	35	-0.404528	36	-0.741331	37	0.378848	38	0.251128	39	-0.340672	40	0.191383	41	-0.221615	42	0.140785	43	0.380272	44	-0.591216	45	0.531076	
-0	-0	-0	-0	-0.267978	-0	-0.532394	-0	-0.462341	-0	-0	-0	-0	-0	-0	-0	-0	-0	-0	0	0	0.759106	0	0.204744	0.168608	0	0	0	0.29146	1	0.277615	2	0.29885	3	0.0331646	4	-0.147105	5	0.648932	6	0.228699	7	-0.324849	8	0.810471	9	0.101918	10	-0.640457	11	0.36995	12	0.437247	13	-0.672941	14	-0.268921	15	0.0307104	16	-0.618504	17	-0.344828	18	-0.696781	19	0.596291	20	0.584682	21	-0.194439	22	0.693228	23	0.242479	24	-0.138507	25	0.11613	26	-0.111073	27	-0.250994	28	-0.238234	29	-0.0180527	30	-0.152528	31	-0.540649	32	-0.314193	33	-0.252149	34	-0.968009	35	-0.412204	36	-0.733365	37	0.390687	38	0.245866	39	-0.33174	40	0.180323	41	-0.226796	42	0.125114	43	0.397332	44	-0.592387	45	0.54268	
-0.0774942	-0	-0.0848002	-0.0656086	-0	-0.132968	-0	-0	-0.114546	-0	-0	-0	-0	-0	-0	-0	-0	-0	-0.146873	-0	0	0	0	0.120875	0.0921992	0	0	0	0.158942	1	0.0196217	2	0.135592	3	-0.378964	4	0.017442	5	0.50311	6	0.209962	7	-0.0385349	8	0.65259	9	0.267846	10	-0.444432	11	0.269376	12	0.599246	13	-0.84689	14	0.808621	15	0.965026	16	-0.236686	17	0.743205	18	0.503848	19	0.62774	20	0.42385	21	-0.399595	22	0.513692	23	1	24	-0.555639	25	-0.123162	26	0.990938	27	0.0844068	28	-0.589811	29	-0.0845338	30	-0.379137	31	-0.358723	32	-0.448927	33	0.339985	34	-0.598317	35	-0.669703	36	0.269425	37	0.0737041	38	0.118902	39	-0.931774	40	0.107457	41	-0.257907	42	-0.59945	43	0.590507	44	-0.557458	45	-0.392438	
-0	-0	-0	-0	-0	-0	-0	-0	-0	-0	-0	-0	-0	-0	-0	-0	-0	-0	-0	-0	0	0.204102	0.272197	0	0	0	0	0	0	1	-0.0110618	2	0.109619	3	-0.38455	4	-0.00335408	5	0.486937	6	0.203073	7	-0.0502021	8	0.640438	9	0.262082	10	-0.456563	11	0.254748	12	0.597464	13	-0.856665	14	0.775512	15	0.971428	16	-0.248688	17	0.729378	18	0.513526	19	0.611603	20	0.409505	21	-0.408396	22	0.523371	23	0.985886	24	-0.574139	25	-0.122574	26	0.980338	27	0.0685553	28	-0.604444	29	-0.108303	30	-0.374879	31	-0.354445	32	-0.465406	33	0.32949	34	-0.60253	35	-0.679126	36	0.262586	37	0.061547	38	0.0937316	39	-0.933111	40	0.100824	41	-0.269909	42	-0.62253	43	0.596426	44	-0.565189	45	-0.397331	
-0	-0.215052	-0	-0	-0	-0	-0	-0	-0	-0	-0.0811349	-0.096017	-0	-0.119825	-0	-0	-0.129362	-0.0985191	-0	-0	0	0	0	0	0	0.0460992	0.102496	0	0	1	0.00751249	2	0.0818663	3	-0.40706	4	0.0147422	5	0.468005	6	0.192483	7	-0.0411578	8	0.622771	9	0.255821	10	-0.431869	11	0.233732	12	0.604512	13	-0.850566	14	0.788522	15	0.964491	16	-0.240182	17	0.733906	18	0.512305	19	0.612045	20	0.396628	21	-0.432556	22	0.516261	23	0.987358	24	-0.587274	25	-0.124844	26	0.992995	27	0.0581402	28	-0.590395	29	-0.135023	30	-0.37331	31	-0.335003	32	-0.483728	33	0.323476	34	-0.603828	35	-0.688707	36	0.254816	37	0.0593881	38	0.0727486	39	-0.959926	40	0.109358	41	-0.281308	42	-0.632585	43	0.59123	44	-0.573188	45	-0.408686	
-0	-0	-0	-0.126789	-0.138379	-0	-0.153818	-0.353613	-0	-0.144794	-0	-0	-0.145128	-0	-0.156178	-0.214602	-0	-0	-0	-0.178969	0.065593	0	0	0	0	0	0	0.22878	0	1	-0.0117971	2	0.111855	3	-0.334863	4	0.00408056	5	0.49263	6	0.209884	7	-0.0452585	8	0.650026	9	0.249973	10	-0.436751	11	0.25964	12	0.621423	13	-0.857138	14	0.776755	15	0.976166	16	-0.257481	17	0.733813	18	0.509741	19	0.602486	20	0.414813	21	-0.423805	22	0.5168	23	0.990665	24	-0.576616	25	-0.125734	26	0.992422	27	0.062192	28	-0.600808	29	-0.111896	30	-0.317534	31	-0.342925	32	-0.469365	33	0.343121	34	-0.606462	35	-0.678166	36	0.248225	37	0.0499121	38	0.0902411	39	-0.905243	40	0.113242	41	-0.266399	42	-0.611522	43	0.589035	44	-0.559011	45	-0.421721	
-0.0522818	-0.105466	-0	-0.0457601	-0.0748942	-0.0357608	-0	-0.0932213	-0	-0.000520281	-0.109095	-0.127216	-0.105193	-0.0972456	-0.118836	-0.0706118	-0.0844057	-0.0802464	-0.0639551	-0.087169	-0.065593	0.0865154	0.0975263	0.0568351	0	0.058076	0.115787	0.0982834	0	1	0.869568	2	-0.887912	3	0.3466	4	-0.564863	5	-0.338959	6	-0.249065	7	-0.901635	8	-0.0575545	9	-0.627334	10	-0.672815	11	-0.584509	12	0.401307	13	-0.483643	14	-0.985038	15	0.53823	16	-0.318235	17	-0.893925	18	-0.318778	19	0.0688414	20	-0.230256	21	-0.899977	22	0.362302	23	-0.661563	24	-0.96435	25	-0.286949	26	0.0356914	27	-0.515895	28	0.917164	29	-0.844074	30	0.891912	31	0.73842	32	-0.978302	33	0.933842	34	0.103118	35	-1	36	0.943162	37	0.92539	38	-0.505593	39	0.255259	40	0.580406	41	-0.683185	42	0.499401	43	0.548756	44	-0.88737	45	0.551807	
-0	-0	-0.0429365	-0.038639	-0	-0.0304231	-0	-0	-0.0701106	-0.0728343	-0	-0	-0	-0	-0	-0	-0	-0	-0	-0	-0	0	0	0	0.0495421	0	0	0	0.0593308	1	0.873618	2	-0.877609	3	0.413312	4	-0.56627	5	-0.33532	6	-0.224562	7	-0.897468	8	-0.0578602	9	-0.61543	10	-0.687955	11	-0.594386	12	0.399482	13	-0.49319	14	-0.971039	15	0.514648	16	-0.306184	17	-0.899491	18	-0.326676	19	0.0815247	20	-0.213786	21	-0.859807	22	0.397615	23	-0.700217	24	-0.975053	25	-0.271595	26	0.0165493	27	-0.527593	28	0.912581	29	-0.84265	30	0.91479	31	0.734506	32	-0.977339	33	0.947849	34	0.101126	35	-0.999423	36	0.95512	37	0.935932	38	-0.479458	39	0.31914	40	0.598636	41	-0.667767	42	0.577354	43	0.588032	44	-0.879125	45	0.633109	
-0	-0	-0.000661015	-0	-0	-0	-0.0847913	-0	-0	-0	-0	-0	-0	-0	-0	-0	-0	-0	-0	-0	-0	0	0	0	0	0	0	0	0	1	0.87447	2	-0.88664	3	0.393573	4	-0.563557	5	-0.339532	6	-0.230599	7	-0.898321	8	-0.0615064	9	-0.612334	10	-0.673848	11	-0.586289	12	0.411716	13	-0.490808	14	-0.975362	15	0.51523	16	-0.30826	17	-0.906933	18	-0.323646	19	0.0715817	20	-0.229495	21	-0.882505	22	0.345252	23	-0.612627	24	-0.96465	25	-0.30435	26	0.0639156	27	-0.497234	28	0.920005	29	-0.842294	30	0.91611	31	0.740856	32	-0.977099	33	0.948657	34	0.104422	35	-0.999279	36	0.955804	37	0.929186	38	-0.501305	39	0.288288	40	0.591694	41	-0.680854	42	0.557504	43	0.588326	44	-0.887593	45	0.627252	
-0	-0	-0.125685	-0.433326	-0.337076	-0	-0	-0	-0	-0.287287	-0	-0	-0	-0	-0	-0.14154	-0	-0	-0.169092	-0	-0	-0	0	0	0	0	0	0.320365	0	1	0.197029	2	0.437523	3	-0.334718	4	-0.398013	5	0.704577	6	0.13821	7	-0.53276	8	0.805953	9	0.142461	10	-0.824271	11	0.373151	12	0.223716	13	-0.645309	14	-0.224012	15	-0.0118686	16	-0.890774	17	-0.312835	18	-0.621762	19	0.437625	20	0.68143	21	-0.103535	22	0.533203	23	0.15947	24	0.0141932	25	0.333663	26	-0.219566	27	-0.159767	28	-0.130043	29	0.10635	30	-0.543228	31	-0.420325	32	-0.322937	33	0.142152	34	-0.687617	35	-0.586502	36	0.0870564	37	0.47317	38	0.466549	39	-0.485269	40	0.319271	41	-0.065816	42	-0.415376	43	0.744818	44	-0.463612	45	-0.0688486	
-0.0859067	-0.17479	-0	-0	-0	-0.0418327	-0.260139	-0	-0.226462	-0	-0	-0	-0	-0	-0	-0	-0	-0	-0	-0	-0	-0	0.910009	0.234462	0.119987	0.062519	0	0	0.239604	1	0.208252	2	0.426178	3	-0.339549	4	-0.385625	5	0.696877	6	0.139396	7	-0.52271	8	0.799041	9	0.14587	10	-0.817003	11	0.369133	12	0.219725	13	-0.640766	14	-0.230167	15	-0.0135776	16	-0.887441	17	-0.315418	18	-0.620769	19	0.447198	20	0.671639	21	-0.0973513	22	0.538752	23	0.157326	24	0.0116994	25	0.334974	26	-0.220598	27	-0.158638	28	-0.128894	29	0.0993363	30	-0.553225	31	-0.421582	32	-0.32676	33	0.149118	34	-0.692113	35	-0.58801	36	0.0904495	37	0.475256	38	0.453669	39	-0.487166	40	0.330519	41	-0.0735917	42	-0.410028	43	0.737905	44	-0.471802	45	-0.0567776	
-0	-0	-0	-0	-0	-0.229268	-0	-0.128015	-0	-0	-0.11419	-0.155913	-0.180285	-0.137423	-0.386083	-0	-0.140917	-0.0687567	-0	-0.759106	-0.204102	-0.0865154	1	0	0	0	0.153978	0	0	1	0.179166	2	0.41781	3	-0.334197	4	-0.404749	5	0.69155	6	0.140976	7	-0.534105	8	0.7978	9	0.141467	10	-0.828984	11	0.362009	12	0.230697	13	-0.639797	14	-0.237046	15	-0.00845474	16	-0.88486	17	-0.318215	18	-0.621672	19	0.433153	20	0.669232	21	-0.106807	22	0.537307	23	0.152065	24	0.0079696	25	0.330124	26	-0.222699	27	-0.169879	28	-0.14387	29	0.0898124	30	-0.541204	31	-0.417719	32	-0.335046	33	0.146039	34	-0.685627	35	-0.594244	36	0.0958804	37	0.46384	38	0.44788	39	-0.492729	40	0.337587	41	-0.0773474	42	-0.396147	43	0.741517	44	-0.473276	45	-0.0617216	
-0	-0.212097	-0	-0.548262	-0	-0	-0	-0.157289	-0	-0	-0	-0	-0.193913	-0.155073	-0.35316	-0.160754	-0	-0	-0.170142	-0.327723	-0.272197	-0.00131385	-0.910009	0	0	0	0	0.408262	0	1	0.235023	2	0.283725	3	-0.227682	4	-0.233445	5	0.624939	6	0.154646	7	-0.377205	8	0.78054	9	0.0722418	10	-0.720794	11	0.34303	12	0.284333	13	-0.878904	14	-0.345722	15	0.225403	16	-0.199082	17	-0.295201	18	-0.33425	19	0.558127	20	0.56865	21	-0.143759	22	0.558804	23	0.180126	24	-0.152714	25	0.0750984	26	-0.163173	27	-0.259968	28	-0.229151	29	-0.0181121	30	-0.414824	31	-0.503024	32	-0.409134	33	0.168823	34	-0.646842	35	-0.637192	36	0.0249741	37	0.416486	38	0.256102	39	-0.434787	40	0.290148	41	-0.183805	42	-0.414134	43	0.785806	44	-0.519018	45	-0.139878	
-0	-0	-0	-0	-0	-0	-0	-0	-0	-0	-0	-0	-0	-0	-0	-0	-0	-0	-0	-0	-0	-0	-1	0	0	0	0	0	0	1	0.225436	2	0.293662	3	-0.244013	4	-0.232069	5	0.632256	6	0.146929	7	-0.377368	8	0.787043	9	0.0691893	10	-0.720634	11	0.352321	12	0.279	13	-0.868692	14	-0.358726	15	0.189069	16	-0.184462	17	-0.294704	18	-0.349641	19	0.559813	20	0.572451	21	-0.149993	22	0.570919	23	0.179388	24	-0.148173	25	0.0689954	26	-0.154694	27	-0.264127	28	-0.241137	29	-0.00810655	30	-0.42261	31	-0.518417	32	-0.402077	33	0.156542	34	-0.642495	35	-0.637823	36	0.04848	37	0.409137	38	0.261677	39	-0.444026	40	0.27787	41	-0.181006	42	-0.419901	43	0.78279	44	-0.516219	45	-0.141582	
-0.0941768	-0	-0	-0	-0	-0	-0.318018	-0	-0.244607	-0	-0.145093	-0.178213	-0	-0.0035241	-0	-0	-0.170377	-0.0810594	-0	-0.0867569	-0	-0.0962125	-0	0.286291	0.0676744	0.0709513	0.182333	0	0	1	0.257358	2	0.26409	3	-0.199223	4	-0.215522	5	0.615894	6	0.14842	7	-0.369169	8	0.77467	9	0.0593966	10	-0.708009	11	0.336233	12	0.285437	13	-0.747027	14	-0.368142	15	-0.0180697	16	-0.0417332	17	-0.264673	18	-0.412294	19	0.569794	20	0.559235	21	-0.154661	22	0.586191	23	0.189797	24	-0.130062	25	0.0749877	26	-0.144857	27	-0.253863	28	-0.219309	29	-0.0388789	30	-0.376425	31	-0.517557	32	-0.421578	33	0.174107	34	-0.652874	35	-0.64344	36	0.019605	37	0.42285	38	0.231413	39	-0.402055	40	0.288433	41	-0.195494	42	-0.418174	43	0.791896	44	-0.524656	45	-0.143422	
-0	-0	-0.1334	-0	-0.383403	-0.297851	-0	-0	-0	-0.3481	-0	-0	-0	-0	-0	-0	-0	-0	-0	-0.415079	-0	-0	-0	0	0.0558311	0	0	0	0.316356	1	0.196601	2	0.292737	3	-0.193444	4	-0.235161	5	0.6332	6	0.169707	7	-0.371089	8	0.787043	9	0.0921112	10	-0.723289	11	0.35772	12	0.301413	13	-0.7635	14	-0.36503	15	0.0184027	16	-0.0625602	17	-0.267826	18	-0.403079	19	0.558233	20	0.568717	21	-0.138839	22	0.591981	23	0.196391	24	-0.121404	25	0.0657625	26	-0.133061	27	-0.251726	28	-0.270025	29	-0.00689847	30	-0.391617	31	-0.530589	32	-0.402398	33	0.16476	34	-0.637116	35	-0.628978	36	-0.0184701	37	0.390054	38	0.254437	39	-0.420685	40	0.281219	41	-0.175552	42	-0.452053	43	0.801109	44	-0.510354	45	-0.149462	
-0	-0	-0	-0	-0	-0	-0	-0	-0	-0	-0.109676	-0.108373	-0	-0	-0	-0	-0.00118988	-0	-0	-0	-0	-0	-0	-0	0	0	0.126025	0	0	1	0.413174	2	0.483014	3	-0.171014	4	0.561975	5	0.753383	6	0.0986818	7	0.398793	8	0.867547	9	0.00156651	10	0.0559949	11	0.757522	12	-0.241616	13	-0.209929	14	0.168259	15	-0.839401	16	0.391518	17	-0.310173	18	-0.775121	19	0.874445	20	0.382579	21	0.340284	22	0.437304	23	-0.222005	24	0.140116	25	0.473449	26	-0.260649	27	-0.125507	28	-0.517429	29	0.419296	30	-0.72186	31	-0.928427	32	-0.0614576	33	0.27486	34	-0.99266	35	-0.404242	36	0.70142	37	0.00520557	38	0.163694	39	0.165229	40	-0.0522862	41	-0.145713	42	-0.353276	43	0.267736	44	-0.516413	45	-0.216441	
-0	-0.123841	-0.116115	-0.0613013	-0	-0	-0	-0	-0	-0	-0	-0	-0.087327	-0.0959801	-0.0980602	-0	-0.118759	-0	-0.0902131	-0.204744	-0.120875	-0	-0.234462	-0.286291	0	0	0	0.13258	0	1	0.378426	2	0.487442	3	-0.188985	4	0.547868	5	0.754068	6	0.095864	7	0.395076	8	0.8651	9	0.00228131	10	0.0485664	11	0.762215	12	-0.243052	13	-0.212325	14	0.175681	15	-0.830952	16	0.388871	17	-0.308031	18	-0.774339	19	0.862728	20	0.379091	21	0.337452	22	0.431851	23	-0.21741	24	0.136186	25	0.46955	26	-0.256122	27	-0.130197	28	-0.541786	29	0.429523	30	-0.735826	31	-0.941539	32	-0.0567275	33	0.26085	34	-1	35	-0.402161	36	0.684539	37	-0.0135694	38	0.167002	39	0.148261	40	-0.0691619	41	-0.145603	42	-0.35694	43	0.252787	44	-0.515224	45	-0.22537	
-0.119209	-0	-0.0528857	-0.127171	-0.305618	-0.270305	-0.195997	-0.0851289	-0.258089	-0.223745	-0	-0	-0	-0	-0	-0.101277	-0	-0.0616946	-0	-0	-0	-0.0568351	-0	-0	0.131598	0	0	0.00134358	0.358806	1	0.429375	2	0.480447	3	-0.111908	4	0.591354	5	0.751065	6	0.112432	7	0.421165	8	0.864254	9	0.00279979	10	0.0890951	11	0.755771	12	-0.24305	13	-0.210503	14	0.193011	15	-0.820078	16	0.389143	17	-0.306407	18	-0.762153	19	0.881886	20	0.380175	21	0.363271	22	0.444744	23	-0.206437	24	0.152081	25	0.467261	26	-0.249716	27	-0.13043	28	-0.514616	29	0.418162	30	-0.688556	31	-0.922085	32	-0.0641494	33	0.288414	34	-0.991474	35	-0.406757	36	0.705679	37	-0.00508471	38	0.161862	39	0.225158	40	-0.047208	41	-0.144559	42	-0.307989	43	0.273212	44	-0.508196	45	-0.226419	
-0	-0	-0	-0	-0	-0	-0	-0	-0	-0	-0	-0	-0	-0	-0	-0	-0	-0	-0	-0	-0	-0	-0	-0	0	0.0833272	0	0	0	1	0.401465	2	0.475864	3	-0.145527	4	0.57219	5	0.746177	6	0.108966	7	0.417131	8	0.861333	9	0.00503177	10	0.0682554	11	0.755219	12	-0.2362	13	-0.196101	14	0.173285	15	-0.840705	16	0.413578	17	-0.310976	18	-0.766391	19	0.876308	20	0.371949	21	0.350429	22	0.453805	23	-0.227393	24	0.152713	25	0.467186	26	-0.266915	27	-0.136366	28	-0.534564	29	0.419903	30	-0.709366	31	-0.937304	32	-0.0642671	33	0.270354	34	-0.993068	35	-0.405819	36	0.702316	37	-0.0113735	38	0.15659	39	0.183267	40	-0.0595391	41	-0.14285	42	-0.359289	43	0.259341	44	-0.514167	45	-0.222966	
-0	-0	-0.139635	-0.185552	-0	-0	-0	-0	-0	-0	-0	-0	-0.0784274	-0	-0.100131	-0.104476	-0	-0	-0.0787935	-0	-0.0769218	-0	-0.000925059	-0	-0	0	0	0.0980514	0	1	0.603457	2	0.284316	3	0.735964	4	0.235208	5	0.510381	6	1	7	-0.00599765	8	0.60797	9	1	10	-0.203357	11	0.561469	12	0.454156	13	-0.59498	14	1	15	-0.436986	16	-0.214729	17	0.994721	18	-0.150888	19	0.687011	20	0.143179	21	0.989233	22	0.498421	23	-0.443205	24	0.036404	25	0.642195	26	-0.381979	27	-0.0466905	28	-0.0733464	29	0.408357	30	-0.711803	31	-0.223235	32	-0.0349273	33	-0.601254	34	-0.337477	35	-0.332805	36	-0.984681	37	0.337472	38	0.112491	39	0.0808386	40	-0.361835	41	-0.280235	42	0.748673	43	-0.250679	44	-0.600763	45	1	
-0	-0	-0	-0	-0.160637	-0.187251	-0.189351	-0	-0.304187	-0.168592	-0	-0	-0	-0	-0	-0	-0	-0	-0	-0.168608	-0	-0	-0.119062	-0.123506	-0.0457776	0	0	0	0.217247	1	0.632942	2	0.275248	3	0.738715	4	0.256765	5	0.512649	6	0.983839	7	0.0105019	8	0.618877	9	0.975981	10	-0.163803	11	0.569163	12	0.421055	13	-0.595233	14	0.967375	15	-0.436657	16	-0.223537	17	0.978957	18	-0.191926	19	0.677786	20	0.139515	21	1	22	0.481604	23	-0.437019	24	0.0438308	25	0.624692	26	-0.380885	27	-0.0413397	28	-0.0413972	29	0.394982	30	-0.711364	31	-0.253605	32	-0.0407087	33	-0.602768	34	-0.359747	35	-0.337422	36	-0.9836	37	0.335314	38	0.087604	39	0.123174	40	-0.383904	41	-0.294426	42	0.766183	43	-0.269674	44	-0.614078	45	0.97613	
-0.179515	-0.102471	-0	-0	-0	-0	-0	-0.0883219	-0	-0	-0.0555557	-0.0706588	-0	-0.0800263	-0	-0	-0.0868357	-0.061053	-0	-0	-0.0152773	-0.0495421	-0	-0	-0.08582	0.0590022	0.089638	0	0	1	0.661618	2	0.207956	3	0.712115	4	0.288341	5	0.474285	6	0.956921	7	0.0278003	8	0.592396	9	0.944551	10	-0.134507	11	0.535744	12	0.395413	13	-0.589265	14	0.996583	15	-0.427836	16	-0.201382	17	1	18	-0.152588	19	0.691824	20	0.104201	21	0.985901	22	0.47898	23	-0.471933	24	0.0404805	25	0.621149	26	-0.393837	27	-0.0585366	28	-0.0307895	29	0.330098	30	-0.715444	31	-0.287077	32	-0.0828546	33	-0.602431	34	-0.36884	35	-0.356045	36	-1	37	0.335531	38	0.0162978	39	0.131051	40	-0.420101	41	-0.340162	42	0.684191	43	-0.298399	44	-0.632957	45	0.998269	
-0.0263268	-0.00175225	-0.0551753	-0.0620042	-0.0587885	-0.0782893	-0.0434043	-0.0451415	-0.044447	-0.0545248	-0.139772	-0.081083	-0.0384077	-0.0141676	-0.0199689	-0.0425427	-0.0389688	-0.0243204	-0.039493	-0.0520715	-0.0460992	-0.0149893	-0.062519	-0.0709513	-0.0833272	-0	0.0489343	0.0495231	0.0601636	1	0.45864	2	-0.99965	3	-0.998711	4	0.961747	5	-0.613312	6	-0.957712	7	0.933412	8	-0.365688	9	-0.923836	10	0.587214	11	-0.632974	12	-0.980142	13	-0.154805	14	-0.867837	15	-0.979217	16	0.38409	17	-0.992972	18	-0.670669	19	0.897971	20	-0.674398	21	-0.503908	22	0.188853	23	-0.925878	24	-0.179199	25	0.0906038	26	-0.957519	27	-0.342031	28	-0.707401	29	-0.506305	30	-0.585058	31	-0.161415	32	0.192375	33	-0.857455	34	-0.609978	35	-0.0657434	36	-0.604609	37	-0.235182	38	-0.528549	39	0.609344	40	0.06646	41	-0.103891	42	0.633664	43	0.204647	44	-0.341766	45	0.910984	
-0.0324594	-0.0989743	-0	-0	-0	-0	-0.0268793	-0	-0.0537458	-0	-0	-0.0434716	-0.00731959	-0.0963064	-0.036115	-0	-0.0619673	-0.0238053	-0	-0.023613	-0	-0.0430867	-0	-0	-0	-0.0590022	0.0956826	0	0	1	0.458848	2	-0.999624	3	-0.999123	4	0.924983	5	-0.618679	6	-0.96649	7	0.941226	8	-0.347284	9	-0.943818	10	0.527936	11	-0.623555	12	-0.973603	13	-0.167942	14	-0.830433	15	-0.9978	16	0.386886	17	-0.985312	18	-0.694515	19	0.905836	20	-0.693512	21	-0.524691	22	0.187305	23	-0.914928	24	-0.204477	25	0.0865968	26	-0.949609	27	-0.3504	28	-0.70219	29	-0.482994	30	-0.548788	31	-0.198649	32	-0.00848303	33	-0.920501	34	-0.605386	35	-0.0541185	36	-0.652087	37	-0.198366	38	-0.538855	39	0.587253	40	-0.164804	41	-0.536711	42	0.927236	43	0.18125	44	-0.31859	45	0.911905	
-0	-0	-0	-0.0452289	-0	-0	-0.0705051	-0	-0.0643452	-0	-0	-0.780554	-0	-0.336676	-0.0106696	-0	-0.354943	-0	-0	-0.105184	-0	-0	-0.0575689	-0	-0	-0	-0	0	0	1	0.458999	2	-0.999673	3	-0.999043	4	0.123931	5	-0.336849	6	-0.286196	7	0.138012	8	0.358111	9	0.400923	10	-0.331004	11	-0.390376	12	-0.243752	13	-0.689381	14	-0.532725	15	-0.494698	16	-0.111712	17	-0.512584	18	-0.923782	19	0.661013	20	-0.42169	21	-0.257212	22	0.23855	23	-0.486772	24	0.0997778	25	0.423127	26	-0.419609	27	-0.0201042	28	-0.165832	29	-0.869044	30	-0.89395	31	-0.230802	32	-0.960382	33	-0.314603	34	-0.269222	35	-0.872858	36	0.133935	37	0.310792	38	-0.892108	39	-0.570741	40	0.238476	41	-0.772343	42	-0.137337	43	0.482204	44	-0.84336	45	0.394664	
-0	-0.125876	-0	-0.0568608	-0.047623	-0.0275318	-0.0331107	-0.097668	-0	-0.046056	-0.12712	-0.315912	-0.0896261	-0.0727269	-0.100201	-0.0694476	-0.131847	-0	-0.0641342	-0.0476286	-0.102496	-0.115787	-0.0964093	-0.127844	-0.015636	-0	-0	0.0908391	0.0122405	1	0.459141	2	-0.999709	3	-0.999293	4	0.0867458	5	-0.3939	6	-0.465761	7	0.12306	8	0.356598	9	0.565571	10	-0.507997	11	-0.515267	12	-0.0396024	13	-0.761717	14	-0.603838	15	-0.47005	16	-0.122297	17	-0.57995	18	-0.878764	19	0.78155	20	-0.39859	21	-0.758794	22	0.307565	23	-0.129047	24	0.0870805	25	0.488587	26	-0.295267	27	0.134627	28	-0.182754	29	-0.855064	30	-0.449596	31	-0.16832	32	-0.941934	33	-0.0961175	34	-0.284859	35	-0.847823	36	0.551849	37	0.362975	38	-0.751902	39	-0.666795	40	0.283989	41	-0.677567	42	-0.267341	43	0.489024	44	-0.782384	45	0.39461	
-0	-0	-0	-0	-0	-0	-0	-0.00410217	-0	-0	-0.174382	-0	-0	-0	-0	-0	-0	-0.0756018	-0	-0	-0	-0	-0	-0	-0	-0	-0	0	0	1	0.458919	2	-0.999706	3	-0.999279	4	0.0939432	5	-0.316339	6	-0.339416	7	0.0860286	8	0.28583	9	0.437495	10	-0.336105	11	-0.398883	12	-0.221377	13	-0.631776	14	-0.511969	15	-0.560967	16	-0.0209644	17	-0.523067	18	-0.931608	19	0.625824	20	-0.376287	21	-0.364455	22	0.170092	23	-0.435263	24	0.0821777	25	0.396315	26	-0.453559	27	0.0511973	28	-0.161827	29	-0.918656	30	-0.794594	31	-0.120704	32	-0.924086	33	-0.336892	34	-0.268446	35	-0.884406	36	0.16995	37	0.340624	38	-0.894833	39	-0.56283	40	0.27621	41	-0.777785	42	-0.214784	43	0.49532	44	-0.807576	45	0.255229	
-0.0724393	-0.090575	-0.0646283	-0	-0.0495792	-0.0744287	-0	-0	-0.0509504	-0.0406874	-0	-0	-0	-0	-0	-0.00321501	-0	-0	-0	-0	-0	-0	-0	-0.0544887	-0.110389	-0.089638	-0.144617	0.000841517	0.0768295	1	0.458653	2	-0.999637	3	-0.999022	4	0.159142	5	-0.306535	6	-0.243319	7	0.0677182	8	0.310569	9	0.390496	10	-0.233548	11	-0.331271	12	-0.276344	13	-0.644639	14	-0.464682	15	-0.560425	16	-0.0413503	17	-0.506282	18	-0.911856	19	0.614347	20	-0.426668	21	-0.15499	22	0.187463	23	-0.558771	24	0.0549396	25	0.380148	26	-0.478869	27	0.00415963	28	-0.166261	29	-0.877692	30	-1	31	-0.14119	32	-0.870973	33	-0.476377	34	-0.279795	35	-0.796195	36	0.0300761	37	0.272226	38	-0.965238	39	-0.547952	40	0.202179	41	-0.806333	42	-0.173108	43	0.492678	44	-0.85382	45	0.279416	
-0	-0.0625796	-0	-0	-0	-0	-0	-0.226516	-0	-0	-0.0860023	-0.102349	-0	-0.101956	-0.0737172	-0	-0.0896634	-0.103548	-0	-0	-0.22878	-0.0982834	-0	-0	-0	-0	-0.0495231	-0.0916807	0	1	0.453022	2	0.499301	3	0.295632	4	-0.125619	5	0.733745	6	0.340515	7	-0.365442	8	0.861099	9	0.183273	10	-0.337419	11	0.389973	12	0.77328	13	-0.779916	14	-0.0380278	15	0.959128	16	-0.611606	17	-0.195977	18	-0.0339245	19	0.333515	20	0.716915	21	-0.385162	22	0.119853	23	0.0515239	24	-0.913036	25	-0.273108	26	-0.187276	27	-0.956972	28	0.11328	29	0.156624	30	0.232841	31	-0.132401	32	-0.242494	33	0.429377	34	-0.244818	35	-0.471191	36	0.314506	37	0.384688	38	0.558463	39	-0.450986	40	-0.0364405	41	0.0656645	42	-0.614418	43	0.361588	44	-0.305374	45	-0.339728	
-0	-0.157274	-0	-0.431685	-0	-0	-0	-0	-0	-0	-0	-0	-0	-0	-0.261577	-0	-0	-0	-0	-0.26471	-0	-0	-0.320365	-0.408262	-0.0813248	-0	-0	-0	0	1	0.439256	2	0.506141	3	0.305405	4	-0.131392	5	0.737629	6	0.351067	7	-0.368609	8	0.869651	9	0.205277	10	-0.34291	11	0.392478	12	0.779128	13	-0.765435	14	-0.0518925	15	0.962358	16	-0.609267	17	-0.203873	18	-0.0344476	19	0.331078	20	0.721374	21	-0.375068	22	0.122254	23	0.0488547	24	-0.911021	25	-0.269952	26	-0.191075	27	-0.951678	28	0.101991	29	0.162417	30	0.230068	31	-0.150725	32	-0.23757	33	0.421156	34	-0.253491	35	-0.466413	36	0.29274	37	0.378561	38	0.566614	39	-0.450539	40	-0.0478421	41	0.069959	42	-0.610929	43	0.353544	44	-0.299378	45	-0.354758	
-0.0897955	-0	-0.0972981	-0.0904177	-0.290035	-0.163256	-0.227947	-0	-0.153799	-0.4494	-0	-0	-0.338425	-0	-0	-0.385274	-0	-0	-0.395743	-0	-0	-0	-0	-0	-0.0525989	-0.0980514	-0	-0	0.215319	1	0.415989	2	0.508338	3	0.352422	4	-0.132632	5	0.743144	6	0.358792	7	-0.36312	8	0.876299	9	0.194005	10	-0.352937	11	0.405568	12	0.781515	13	-0.7416	14	-0.0276962	15	0.968169	16	-0.600419	17	-0.214739	18	-0.0332647	19	0.339066	20	0.718118	21	-0.365622	22	0.113585	23	0.0363947	24	-0.917847	25	-0.272419	26	-0.201168	27	-0.957947	28	0.0708679	29	0.166729	30	0.264759	31	-0.125931	32	-0.238127	33	0.454809	34	-0.252947	35	-0.465304	36	0.30266	37	0.367093	38	0.554984	39	-0.404856	40	-0.0639194	41	0.0679618	42	-0.600747	43	0.347792	44	-0.300409	45	-0.347449	
-0.058579	-0	-0	-0	-0	-0	-0	-0	-0	-0	-0	-0	-0	-0	-0	-0	-0	-0.0721173	-0	-0	-0	-0	-0	-0	-0.358806	-0	-0	-0	-0	1	0.555036	2	0.729945	3	0.434185	4	0.327934	5	0.842293	6	0.648569	7	0.108352	8	0.929648	9	0.576436	10	-0.240909	11	0.743235	12	0.41621	13	-0.268086	14	0.366231	15	-0.49592	16	0.46921	17	0.15557	18	-0.393029	19	0.847116	20	0.556676	21	0.482758	22	0.343281	23	0.0792466	24	-0.415311	25	-0.431998	26	0.17566	27	-0.396639	28	-0.307612	29	0.650135	30	-0.474477	31	-0.564722	32	0.0933212	33	0.100624	34	-0.741893	35	-0.255271	36	-0.0240639	37	0.324696	38	0.574367	39	-0.0469966	40	0.051705	41	0.0201421	42	0.13173	43	0.576385	44	-0.325002	45	0.204352	
-0	-0	-0	-0	-0	-0	-0	-0	-0	-0	-0	-0	-0	-0	-0	-0	-0	-0	-0	-0	-0	-0	-0	-0	-0	-0.0698621	-0	-0	-0	1	0.57829	2	0.736527	3	0.450025	4	0.344906	5	0.846952	6	0.655318	7	0.117381	8	0.934228	9	0.576886	10	-0.229273	11	0.747602	12	0.421464	13	-0.271876	14	0.362648	15	-0.492257	16	0.466302	17	0.145372	18	-0.407857	19	0.858616	20	0.560653	21	0.487571	22	0.340815	23	0.0753897	24	-0.419836	25	-0.432504	26	0.170165	27	-0.403303	28	-0.296373	29	0.655602	30	-0.46564	31	-0.551381	32	0.0966537	33	0.0899558	34	-0.736418	35	-0.255016	36	-0.0211328	37	0.332487	38	0.579819	39	-0.037817	40	0.0668699	41	0.0227868	42	0.155672	43	0.576745	44	-0.325464	45	0.220479	
-0	-0.127647	-0	-0.455971	-0	-0	-0.406069	-0.116187	-0.342835	-0.042886	-0.075007	-0.0788109	-0.109583	-0.08186	-0.132894	-0.172036	-0.0861507	-0	-0.138711	-0.29146	-0.158942	-0.0593308	-0.239604	-0.316356	-0	-0	-0.0601636	-0.0890701	-0.215319	1	0.543129	2	0.729527	3	0.434828	4	0.333646	5	0.842727	6	0.645186	7	0.118135	8	0.931313	9	0.580269	10	-0.240602	11	0.743553	12	0.425007	13	-0.318494	14	0.363471	15	-0.470824	16	0.43217	17	0.123577	18	-0.41628	19	0.854459	20	0.557136	21	0.467931	22	0.331129	23	0.0349731	24	-0.427179	25	-0.440114	26	0.175807	27	-0.405262	28	-0.327831	29	0.648815	30	-0.460156	31	-0.543329	32	0.0893598	33	0.0961816	34	-0.736105	35	-0.259286	36	-0.0125358	37	0.314822	38	0.573077	39	-0.0541483	40	0.0671388	41	0.0192523	42	0.157413	43	0.577583	44	-0.32644	45	0.212201	
-0.0905028	-0	-0.269062	-0	-0.419635	-0.341869	-0	-0	-0	-0.544662	-0	-0	-0	-0	-0	-0	-0	-0	-0	-0	-0	-0	-0	-0	-0	-0.147385	-0	-0	-0	1	0.548126	2	0.74283	3	0.533622	4	0.338012	5	0.857447	6	0.674356	7	0.119521	8	0.94104	9	0.589678	10	-0.237058	11	0.755401	12	0.442963	13	-0.279817	14	0.369077	15	-0.48934	16	0.463309	17	0.145112	18	-0.405069	19	0.856887	20	0.571665	21	0.49389	22	0.324557	23	0.048154	24	-0.434123	25	-0.454954	26	0.141481	27	-0.38558	28	-0.325576	29	0.651532	30	-0.397162	31	-0.555646	32	0.0923898	33	0.117624	34	-0.738318	35	-0.256671	36	-0.00372705	37	0.315823	38	0.578597	39	0.023605	40	0.0608601	41	0.0244653	42	0.173039	43	0.574747	44	-0.325397	45	0.242284	
